0.0,0.0
0.08217934165230456,0.8719258831672735
0.05766737193233695,0.10013932651295954
0.045427538800225986,0.1266383324522461
0.12379243923429017,0.8061457858407808
0.3629131078927992,0.9180489513753544
0.514357788328516,0.02741054471141413
0.4598366298722716,0.5809410141574974
0.5374082745251657,0.4011674301406718
0.9415974923110657,0.3369254914872777
0.6093924263356855,0.4618334544972581
0.9366631242057736,0.21562228531949146
0.7606842624468259,0.046126497496325025
0.6519710019191381,0.3708917926221611
0.42275631798682467,0.378150855721498
0.6706069204393215,0.7707895121293037
0.2631542340615476,0.6151834924060731
0.8262426290941556,0.03933465450870344
0.4396811243874572,0.49834631972997345
0.8608062044466605,0.3594388006810362
0.7835657423553789,0.3736393714648596
0.3394201477292893,0.3269181111454593
0.8576624257860292,0.6415546035075326
0.3117787800200168,0.5267052262098115
0.39945769372456996,0.9999779625396146
0.29728741960411376,0.29294931225810406
0.2683322264963084,0.5043695363883658
0.3929968772707283,0.5844295085800344
0.22717241197248872,0.2105910975248203
0.5657580422412218,0.8989524584773221
0.8320895419406628,0.6572987810151344
0.24018577897562354,0.11596481359428623
0.3940908247939593,0.8306937902720303
0.5599613823627638,0.8705464842255582
0.7818830594992633,0.25650167084679
0.6948391930530989,0.24957650827944566
0.6088792091270847,0.32071976988487827
0.6326990957197209,0.29212005263196095
0.4291005649425279,0.10496457349374322
0.044536943395139694,0.15156557117919944
0.6866707710904848,0.2634395373732842
0.8761049877604249,0.9754002768796007
0.0400218428291943,0.8299649507884179
0.33760144294778693,0.07732472878741214
0.1384832663143971,0.493892663672467
0.7744116721244858,0.6754665382882743
0.2730035953998454,0.8541942431597984
0.6544663192809667,0.7484229857221829
0.5411747749637246,0.17421557422808542
0.1992179215571075,0.3036675910748762
0.6241026239348225,0.9189232233828484
0.636640387184692,0.505785836764529
0.13246091499296297,0.4605790203672776
0.5523870371630543,0.1629553900263041
0.4263424569672105,0.4906219105369952
0.5363068407396302,0.8730146318891526
0.3977952581882632,0.04314680890390554
0.13996798445124048,0.1824615122089117
0.680357022521369,0.01622439387868302
0.42673401952979917,0.0851161518710224
0.53270344515549,0.7886085799088421
0.1320301407735821,0.35187694600524233
0.5607635048560525,0.6409184711320127
0.24713167410383585,0.8046711157799108
0.5997356061761558,0.31196167593561075
0.3103656121246049,0.9136407873955905
0.7263008656072054,0.7380004264824384
0.6152214969023982,0.9041351665413261
0.7757183900353573,0.523989537267603
0.6154785922829821,0.5565454101763502
0.22225142919535124,0.8927130398588599
0.6889769140271434,0.612490021031207
0.21961963205068846,0.5538722623193975
0.03438084802349528,0.5487669422521789
0.5510885015881553,0.520126281834644
0.8496932437139135,0.45299988786406276
0.4820243575291904,0.6252467544557087
0.7140723515205442,0.16093600382541584
0.1038701038328711,0.8433236599343069
0.34309277412907535,0.3204342491281903
0.42246956276462366,0.5315755468475857
0.8066895789032518,0.22885186506775346
0.19897293079152933,0.236339362107591
0.6968941371366304,0.7961489594502477
0.42592773101327774,0.1990247290067364
0.6009266824663629,0.2974428852915999
0.3068228557561865,0.15494216904579294
0.8316712842549729,0.5443543785208087
0.10868570252530241,0.9105990067387572
0.9621301668595846,0.8231645781267695
0.7872353851083105,0.913827428920503
0.0010178349618351623,0.7381658016667056
0.5700730040606031,0.9106104309806751
0.1855971184638192,0.3109781885755143
0.017228028626303793,0.5318431713792141
0.12052226868965354,0.22582270500172708
0.8952748207095336,0.4038023417627469
0.8949454842408752,0.7309269201825952
0.5837597421475077,0.9426417865878098
0.868547780396075,0.7024522695337474
0.91477375157011,0.7688815348599037
0.6101284241583211,0.5826506005594232
0.12869775740993172,0.2219698765040734
0.8029264547001667,0.9208019648829038
0.45462044608123864,0.9155847338266982
0.872271825558907,0.35510798237237307
0.5841733435432537,0.21673597772428743
0.34903061432507587,0.8723632197372945
0.18015368894972694,0.3209208139217944
0.3131692269469958,0.21614388703102816
0.4367013539304836,0.05409481612680411
0.687435853865139,0.679360412354999
0.6283733084150196,0.3515453630277141
0.4982989294937852,0.4498474592228664
0.16920393459827787,0.12197300194963412
0.3720672699778599,0.9403084850337555
0.7227016651985615,0.2252930569665096
0.6790477157379196,0.9476049008249501
0.13286584456502648,0.8288118017831916
0.025698824977521628,0.9455483670718767
0.8201446832787843,0.4890625090691705
0.802702594099128,0.5723832114821742
0.5226927122610142,0.7094962116795267
0.7120635279260623,0.566337839340974
0.1930169494848305,0.25342145424713625
0.7594990548886295,0.9228515716326006
0.3094905372252358,0.4391247862713038
0.4306622465977902,0.121687348796654
0.3598439186404747,0.5150799494841883
0.9931241526144526,0.5823126011282652
0.18669993519850603,0.2917008821041316
0.04662372806787396,0.3969132663628687
0.9142234891149565,0.1078016517291468
0.30155726646962044,0.6229622085537151
0.009078737881592636,0.3426758887801604
0.08615239925754448,0.3051215554674823
0.9811123551742466,0.6663834781505075
0.036261079429008025,0.3894144498713369
0.567822920087707,0.9360554514060697
0.12557300817367378,0.38329447109619563
0.7242644034529925,0.011438965425411896
0.30231148774982486,0.43240623296687586
0.5376207616661072,0.2575218780730829
0.5063939784096193,0.19667975453682784
0.0869138677115836,0.8813112551796526
0.9933792305730128,0.43647649731059324
0.9380234346565874,0.3341100231494808
0.7853684256412696,0.7131492014874565
0.528747587289659,0.9830426851436745
0.40900245545158165,0.3513487003588055
0.6427229208136526,0.35704259592676635
0.882441149267206,0.6048341308126873
0.4425845344727005,0.3772103242894206
0.4366795746404787,0.7970802698635512
0.32068575038767666,0.9580437856428432
0.6031021591421568,0.931741131723266
0.3495427589392106,0.5887618303876144
0.12513040448385682,0.45880535398719813
0.866270149240567,0.23950918829603274
0.20981731330531994,0.9984360665999401
0.2570122288095116,0.6468776701720725
0.6451548744296853,0.23018998961506631
0.8409028460864911,0.6360151874505628
0.636644820867247,0.8409543979588968
0.8486657388748522,0.3686971820142736
0.165523427700758,0.20548249717060818
0.6362869973190766,0.21575108399340515
0.02525340492654482,0.425695841825677
0.81365388445563,0.0950090003657118
0.49959291272877604,0.7599456274684455
0.5463101678664978,0.6975470649219471
0.18828414700354634,0.16795010537413868
0.48891091408077014,0.7784782076041594
0.6452404750432258,0.8661808451459312
0.7044890810470611,0.9379893470546143
0.9021260767150279,0.30762478271848537
0.4182148513356708,0.44168530983465837
0.3075524929889182,0.5235172316223236
0.018854462816600526,0.9999260201383792
0.1428465181040065,0.848188232738809
0.21392812504700898,0.6654439540930026
0.7921333205773423,0.1613798703827376
0.9481899916816974,0.346523099220155
0.08918945992925797,0.9264857527221175
0.7899794017333445,0.9768943209342192
0.23904642854005542,0.8945792404684803
0.9681153052527544,0.4860889899013061
0.9993360171702325,0.3241762420363654
0.8169641911742515,0.8970631841188074
0.8063431506377422,0.9739360559243804
0.6148836281524851,0.6850170527371804
0.9807945525515983,0.5155296601882232
0.8175577187792772,0.29597828289512695
0.03252275219045764,0.5733878777238388
0.27669707084267625,0.15062966089423535
0.44018503259800534,0.9065583351388378
0.891011830349275,0.2653469842228259
0.05487366179788833,0.14487382236256552
0.5766768024647615,0.7479185439022893
0.779328401515792,0.8363603629202983
0.6335542124777305,0.697004992280654
