0
0.924228278776388
0.4767771116995866
0.31135310228557234
0.8344111469360491
0.483399731389324
0.44304529189741537
0.711942240097369
0.0045851480860358285
0.895459853723611
0.6187575296446212
0.3125917607646087
0.5396399540667728
0.0821636663502836
0.4472883365894119
0.569331648837862
0.7437986313102843
0.2424774769225897
0.48518264587538273
0.30130016103909574
0.9707242650540845
0.007679079081902351
0.4971061691172455
0.9070653576674835
0.3399187478866452
0.07159823808427046
0.0844429593579421
0.33475027569835436
0.7697567664380278
0.6908340224500844
0.11023843203390848
0.01377406924560376
0.2826276978384009
0.1661687869957339
0.37469943455802535
0.5418013223821471
0.6121771038012924
0.22177113785732216
0.6083771318517298
0.980024788947266
0.41387077250296955
0.024206127361730223
0.4439326436468626
0.37804745232225756
0.08785426743177227
0.7902074811758291
0.6721048431604677
0.23258047435599105
0.14963207043738747
0.578035180817773
0.5382301384765654
0.975853383166323
0.4771982516335028
0.49227052477865263
0.3938998232944456
0.20454490896209343
0.28529754286199727
0.5095508641762069
0.6507951756384203
0.8573535032959599
0.16644817100997555
0.551849238485199
0.705299036945355
0.9524602025666157
0.28864598023928045
0.4080785088002965
0.9852026651707366
0.042796981132762646
0.5819558748972706
0.9307740620102867
0.07414412700496043
0.9348625700091199
0.19121853539185318
0.13033197080216485
0.4404469195544062
0.3705275245098436
0.20608371973991813
0.1431300967533905
0.3990226785982435
0.7558401065524459
0.14323589784380764
0.2757709026964791
0.5049690850156195
0.9394794755223939
0.7176318705545939
0.2000742041594804
0.22952871739584357
0.7314095496779622
0.5586188022738863
0.1642203776608956
0.720139065694929
0.23731485785099626
0.8297888023875089
0.9574849533725776
0.46427551487470375
0.6710245091939055
0.24408357460014396
0.6797333162192786
0.7428145634259129
0.9649044020507461
0.9285272801286037
0.7519270787776545
0.1495881257935019
0.8792499063424958
0.2606682975114252
0.6914919711453497
0.3210352842234503
0.840458916312635
0.5327857476331088
0.5496632716974027
0.5618155284357856
0.5275870028269086
0.6917933846457544
0.9059552151237338
0.4297383520144954
0.7581187422831951
0.14818448850243104
0.4390368209812119
0.4688588476836394
0.21055640931138464
0.5054295241122521
0.060561224815846915
0.5478119443461782
0.10469148040900744
0.32164172333705754
0.6798256819720732
0.8259470319064671
0.0688483473765441
0.48000292148612056
0.9926177454061301
0.02673116265400599
0.6349049683171161
0.12691268990386873
0.4446982755726123
0.29007906740431777
0.9247262922034281
0.7819803921293842
0.6294675718022164
0.47311469565350617
0.4021060739415332
0.669093957234579
0.9956721457637222
0.10288386914336911
0.7886957489431322
0.25057010025621373
0.44929554585038745
0.36545708904990015
0.7101760039602072
0.3568756905446463
0.3337752320910141
0.475074721369081
0.7939948969421031
0.3908838895823429
0.9322595661625968
0.6222234531205354
0.8657984257542468
0.3362593558605075
0.17290132640819422
0.014139752317123944
0.21590539115237561
0.804762756463202
0.3755497352683431
0.5911241080036802
0.7521735212658589
0.0021836373468802073
0.4453536531430893
0.5915146873984188
0.9218121351654405
0.45351515118116204
0.2542516106680378
0.4533248072281366
0.6846522666022113
0.5618543109507247
0.365357843415799
0.5196867551108033
0.7807851482305067
0.6691773709523471
0.13344445025140883
0.3887274117937556
0.10903355774477952
0.15535260915683624
0.6556557425117968
0.6779173426208
0.7236463390254284
0.25584076411212664
0.5066184878909308
0.34835968333364253
0.3318700415681809
0.4970555817904423
0.5278323779794541
0.38688021819653096
0.9761265879817532
0.6105953754989905
0.94193796179796
0.7721453936686109
0.4163403481113862
0.6176424618558648
0.4557517334050387
0.7361532866301582
0.9528442328239028
0.10015423542411095
0.7070204911331086
0.26713742400563156
0.9235427011818937
0.784616789922732
0.3597756872512632
0.608029290117246
0.8472927721300623
0.34529329887643645
0.8283566720983256
0.4020651350429769
0.5265337050026649
0.4875275784242782
0.7581183862220707
0.0754804972671802
0.9466593742841191
0.9264219869890815
0.5819823350060233
0.40696212378080365
0.8649288808655496
0.24193252252428166
0.39112716778590184
0.5574311663154095
0.8462125710574491
0.7627344230772299
0.1324346045780055
0.22559561501953262
0.022843396581307074
0.530837386703359
0.4504078233706096
0.3162817530437062
0.6786976166381328
0.5232273663949556
0.7930764306503355
0.7174114860085656
0.9450273016734082
0.3940516105395485
0.7845361382591812
0.4540573330774461
0.30406186060506946
0.267354393681557
0.4337373384944616
0.5818161595209075
0.9429772348634263
0.13718239455312742
0.18094097884097815
0.604687649403277
0.23462534881642272
0.30125220324678104
0.20003812651275676
0.06514458365425069
0.5119260063648725
0.6283263362882453
0.2704209634559218
0.24251382854642578
0.557651229961052
0.11034681910134203
0.1011364203544669
0.32172546711229677
0.42923946346641095
0.5374217231960581
0.8291942172338734
0.03720702373949014
0.2913317915203506
0.7243211291413417
0.6486729377544476
0.6584226880753942
0.8264365059022575
0.004267601180852565
0.5681933541367022
0.33542855373895564
0.9842731970127455
0.4210648387129772
0.9158063529061073
0.6713390712817832
0.4737827138989662
0.9082852126894163
0.28202658111077517
0.08397250864056216
0.1879406425677711
0.8521760963181013
0.44755858923693836
0.44478136949402136
0.1797087312689014
0.22103286877689188
0.9479374788098838
0.7383341877913018
0.2933424355751275
0.6935039844441981
0.16831891297807788
0.7039947414280497
0.7546016258727627
0.4708038962412383
0.43560503225898706
0.4606159306829338
0.5479559397442095
0.5404438866013538
0.27849010080186243
0.9108915404504818
0.2701091228533975
0.2954936288804242
0.11680481660577602
0.18580147712740525
0.6121367325249952
0.24286049727311332
0.8909934111128713
0.16437743088111
0.24191420132869845
0.8947814105740589
0.6385536859373768
0.7138269361186262
0.318019537807531
0.8103633720374959
0.037274441629519206
0.5951928877933498
0.675136423669201
0.4725359442852698
0.4290883955605178
0.5537935319119897
0.3651929780623864
0.269861077276891
0.9812875852868044
0.14651979943759708
0.5603963807722278
0.7206192817892247
0.08456288797965927
0.22444726992924824
0.8505874274657643
0.40266557928457125
0.7487121583021239
0.547201320525659
0.28519336123306505
0.2865048346844229
0.5935444241163882
0.6871032916092538
0.06665636522028628
0.41079530475197146
0.27637737782162075
0.5705523835782956
0.10859401710222727
0.08872464650113687
0.6250550101346344
0.7084857893989317
0.6134460027735508
0.6417290779402528
0.8582563039627746
0.19169168061942876
0.7853554145774696
0.9340483343177589
0.07396235782794558
0.34837740615374735
0.34826821389332085
0.2433686550816192
0.34128692741916866
0.8417089358648083
0.09406414111086503
0.5890687924110832
0.6408227326326299
0.39074309916149896
0.8136313993789732
0.29820352496134994
0.9688164736528596
0.8903119396642568
0.9768418148690016
0.9538122053840198
0.2882870040787059
0.8804494902583745
0.012231053182877871
0.2980950842610808
0.9276686756449728
0.8698615630987235
0.95531631838146
0.8190184566392621
0.5594160852167375
0.8654782090286997
0.08174687371690692
0.3128903435130149
0.9681561419457096
0.6547085752334277
0.876315188458658
0.6822112577018785
0.5753543600693534
0.47127435798121287
0.4773358858037603
0.023294637226692894
0.8487240272415119
0.07226767050299132
0.035290086238747076
0.5243671898036797
0.6228747126373203
0.7227046646039972
0.1054852594863308
0.4921085337807666
0.2114341057685638
0.7085177597580689
0.8072894218991726
0.797296691172447
0.5642055828673689
0.42187752090094155
0.2627343823187467
0.8836891284860396
0.2731454006227043
0.6019085095769119
0.9852865978941518
0.1669216342653358
0.9934707941978589
0.9115833805119776
0.2636452540515779
0.22876686470598684
0.038744886582586346
0.06818088076854312
0.8052987141142532
0.5815463853769822
0.07125385612022506
0.8065002898434737
0.8563581968235562
0.9866807106173239
0.26024546099434354
0.005888774213112069
0.19183638485099597
0.5765250622399052
0.5346559823812664
0.2347645724185211
0.4484590236018422
0.5935112100447494
0.5354107724756837
0.2571166852833341
0.19956326820919434
0.5228568562273733
0.9212231282985718
0.8455617513591218
0.08297832002572181
0.5509685221495382
0.2692712993588432
0.5585016289334538
0.026050476590873783
0.6527998128024946
0.1435244485418593
0.46147221725189047
0.9743263674473663
0.3328476390927311
0.7720895857734835
0.19026534299772313
0.5748737765220937
0.09837948067439106
0.5286374937101398
0.13220792261805692
0.633433180000682
0.5267444883134014
0.0057324445576277805
0.7235562873993309
0.13012615241257086
0.20132675522373933
0.6840806503381281
0.6967501246037651
0.06941210397913555
0.786403909230756
0.8432407394031962
0.7119474680909977
0.3068010915072732
0.8499673595096757
0.8126215915788604
0.5381163969813363
0.29008109029344165
0.9228659940053917
0.6473242656147681
0.838073580187106
0.24267910944826365
0.5430451566355224
0.7651875812584736
0.5727282407283721
0.7557683411155376
0.6347972107043879
0.7801048621534571
0.6749433895687298
0.43009828495399316
0.04495096663152642
0.43159151987471
0.6986955127931234
0.33920686080383056
0.6467262062568266
0.030552587598930203
0.9865686844825582
0.4946361003882296
0.8739390681932228
0.23425992914175697
0.644646823458617
0.7656159662770519
0.20272179262372259
0.6650391751675208
0.9575611046060333
0.027706887006280656
0.5767339908153092
0.7249349212860752
0.7552964428308298
0.4650607279385709
0.4878898872308989
0.64061172019365
0.7150547960563168
0.40912657542686526
0.34183056181150784
