0,1,2,3,4,5,6,7,8,9,10,11,12,13,14,15,16,17,18,19
6.809441992798471,1.7637686143903772,2.388027150681622,1.821820234110143,-0.3589322715841942,-0.2116563656789114,-2.8368638881916035,-2.9938949489352074,-1.6633327641979532,1.3606321410819888,-1.8566181064171026,-1.6221359761274114,-0.8000429946728956,0.013802974167170728,-0.7707250337928502,-0.6586414048918731,0.8937310571729861,2.474036798329734,2.7992005270919504,-0.73235036187393
-1.4793821398078106,-1.7680076421427493,-2.315299488765172,-2.1275045548332803,-2.056532543242661,-1.0839851449447249,0.12986868509998067,-0.2146940820752764,-0.22032496415318253,1.2650081298391054,-0.02753966107438846,0.53945710581913,0.029575479670916633,1.7147571250370233,-0.5305494797088496,-0.498415896870398,-0.16910265459866786,-0.34474022984170233,0.006194154499920974,2.5452073683867518
1.8706635509064897,0.6081470763282332,2.392837545904163,3.04706937670004,3.3573630683489935,1.9461807057586775,-0.4900276077528299,-1.135954925222131,-1.2723164558483535,0.9273682731227644,-1.1319312603087985,-1.6966617567819469,-0.8383438734680617,-1.1773501493284064,-1.0536791465637705,-0.7360181232224431,-1.5581298261027547,-1.0721590691166205,0.24400573532535488,-1.0028676521435793
3.939544292918527,1.843218245593058,3.924798821029261,2.38281006679722,1.0407392175633376,3.075799882976261,-0.8947069539109158,-1.0118965786727925,-0.36931421932001113,1.549029236978749,-0.7996520704732635,-0.7503709221758696,-0.2344612818324185,0.00023438507382261953,0.48995593246688435,2.727620660379599,1.5094577496263908,0.6293939233624509,2.29300976249568,-0.19993590180166418
3.9918821006523366,2.2719239799985793,2.6850636583894247,1.607246914900196,1.0797077914285584,4.0743823750518935,1.5693811255356918,2.4868630346335423,3.6977566649653584,1.3877334612621506,1.508266706471861,1.7269655645110118,0.6218233360398674,0.6233031564451598,4.233613310496468,0.9445815754544066,3.1807651236770593,1.4840620448376427,2.8841069180197794,0.22098319160923577
-0.4252559789304368,-0.40201401857451646,-0.46880921492951944,-1.0553905578388183,0.10248386221750408,-0.718876687599276,-1.7968728775150193,-1.539096351796035,-2.5620908936905447,-0.24747229228899623,0.7388690897413807,-0.605007679132903,-1.1553230569664268,-0.866557002556279,-1.5491491784032776,-2.6648748922838834,-2.6833305117160138,-1.4227214851502228,-1.5356593883488865,-1.513565443647249
0.3846980709258738,-1.1086521684250543,-2.034253387815092,-1.9709883315305585,-1.5815948375769717,-0.21342067789714142,-1.0752114346806534,0.6397762851783013,-0.6011297158452686,-0.6537333844800282,1.4353300679902312,2.052842670482596,0.4079568118414682,1.6290818314978555,2.7328788800749138,1.8843555504774918,0.5646495612783737,1.714461400441658,2.8364034069239157,2.455790798336168
2.44294799620968,2.6431547209856783,3.100418534001454,2.658210012463588,2.8513650174147225,1.2630807240760273,-0.6171393989470775,-0.2071738244045114,0.22122353685010085,1.5776036271687897,0.7676246996298577,-0.8765974245964554,-1.1448932107401806,-1.5399396727296983,-1.853308419859544,-2.81031514792526,-2.162116112604146,-1.7191209518657475,-1.2550301924900755,-1.9253777515254986
0.2920225357952873,-0.28241686640695907,-1.0535261932345383,-1.3945587749525885,1.0685715332494383,-0.34048271709778405,-0.6376961531379158,-0.136559643051591,-1.6209696318210047,-0.20291470324101626,2.6694305247443992,1.2403449805391515,-0.8296440913894642,-0.1961307694339104,-0.8575674564311095,-2.036564275522851,-1.8031739493902266,-0.40822751035401184,-0.7149291803375389,-1.0445239634514605
0.996465215707282,2.022575197166252,3.0067724312822257,4.574194827392842,2.9328075013124595,1.2014207174410503,-0.9025224795823188,-0.21361792582209255,-0.37686665600216723,1.4554701601420048,0.9775855928138797,-0.70627817905681,-1.1350981293963847,-1.3630510590946872,-1.5624640725021663,-2.5031207461619833,-2.0408793738182522,-0.8199242209427354,-0.7090940302200384,-1.723588683663377
0.39872940420572617,0.9312870556611718,-0.4167031428528491,-0.18258829438321938,3.2227834041802135,0.5794083684469402,0.17188926400241836,-0.41904539077511105,-1.6963095202043859,-1.4915909665335605,3.144149981890263,2.5260814360199206,0.06787865969852933,1.05476581205799,3.329921179300812,1.7733528985259297,0.7628826113419446,2.421952109131539,3.2022312247071074,1.4245071924969077
-0.6815187768933743,0.8446416584904501,-1.0207505716577545,-1.270503042343134,0.2767345139678267,-1.5494656746932927,-2.1319297796496404,-1.8644776439429585,-3.2499263371603533,-0.7460934587566498,1.3230648342180897,0.13683665947400311,-1.1317746993858753,-0.5047436550980141,-0.887731207479222,-2.1242104541082174,-2.5144621563840484,-0.8159558087530587,-0.6040426871876134,-1.161477109605638
-0.8113913985859681,-1.5334064793294462,-1.7400617277044763,-1.9971459529947728,-1.0641744083581526,-0.8186722734228322,-2.0229984092494426,-1.266730631236684,-1.9718202974047265,-0.18581574848023508,1.677980039095014,0.314323525436835,-0.9353687773521607,-0.12763898183381317,-1.5292481931668565,-2.450976649914003,-1.8836909969077498,-1.1556966825077253,-0.7298511564895019,-1.21979411449206
3.364288318216565,3.6866357353178136,4.3078792305651135,3.893844120017299,3.6628144012394244,1.6173025504544758,-0.4925996926268812,-1.007718301905156,-1.386771725633789,0.4038694598571492,-0.18817440487171339,-1.6236292686137925,-1.2670451097586757,-1.7647932881989954,-1.679175981903121,-2.498170124358257,-2.213937878396752,-1.5815642451319163,-0.9474006817854561,-1.8590430109946372
1.4463235508612624,2.2811390888968335,2.991950212538146,1.1583140381923143,1.0150269923466357,1.0961003125106503,0.46028585934719285,2.471892593326729,3.4323047534480757,2.0646137975066745,4.14719104337058,1.055567473409926,-0.5072127121066115,-0.8554908982882907,-1.6506108924380012,-2.3058165837405453,-0.3180972799126704,-1.4626263597457345,-0.919464130183138,-1.7333167125909759
1.194596298707012,0.05739762986819535,0.940802387337314,-0.4297088719069773,-0.8347384830404877,1.6824237532269073,1.4807031106386426,2.9003457469804097,3.1146158741194503,1.4667774201895531,1.2745137802272886,1.093856283896263,0.10599089236727974,-0.08222495584998402,-0.011111621494190439,-1.1449982163746126,0.8587907093946677,-0.8435786911992603,-0.23925978084470206,-0.7145632615302638
-1.213284950022587,-1.0281931714146282,-1.7877417053311737,-0.10284225473320938,0.24380700926240595,-1.6846191255538325,-2.475021138983991,-2.0417832731000365,-3.6429367743302707,-1.0719368157965887,0.4343648652932439,0.34827529445701405,-0.7287641307047487,-0.167206959576756,-0.3553527244727704,-1.8831791007114975,-2.5803074420165966,-0.5933421335140215,-0.5307312794220596,0.11110299837807491
-0.12800304075928076,-0.5759376713779754,-1.8837055075151745,-1.9929143241427842,-1.638438240007138,-0.7235513250868089,0.024347518329831206,-0.4414648908466269,-0.558346177172383,-0.8599699206994371,1.6972860091555793,2.259953945393959,0.5031142038800351,1.7271551512969678,1.5742357666649571,3.3920828271705497,2.2687718351207478,2.069134044358345,2.7890518666537054,1.4433609014257596
2.847553079744515,3.424287541012555,4.064152859106635,3.446848071206016,6.4931860245608135,3.0658629795163774,1.736538075527209,2.327226185525204,1.0069289063513258,1.6677013528920743,3.054827008359197,0.40285862928642735,-0.9053502495141603,-1.8003596529563728,-1.2932690636633897,-2.583224519622775,-2.2422618386586586,-1.8051270293187973,-1.7289125055504213,-1.7333725799658029
1.0058412557734022,-0.17099981406398065,-1.660954391683197,-1.6638472886669438,2.036204830383557,0.6519608106919786,1.5911052568049304,3.4651488281132723,1.584319528927341,-0.8438134094027008,3.940641323605983,6.079792500295859,0.8449496694278795,3.213810142206461,1.2570894753015471,2.998242333664826,2.1347484449973515,1.1739891292893154,1.7471757231213807,1.6840853610049038
-0.6237647707961008,-1.1792379705650218,-0.9372975728321248,-1.3987074142913283,-1.0946613833384182,1.023527640783446,-0.32388206578491413,0.6789571197590694,1.5986632822656148,0.7104091602798605,1.0058467690312882,0.3026205597382825,-0.4701394543464612,-0.3970948387361751,-1.68793082346942,-2.3042338419233284,-1.1517549189692735,-1.4692574001794574,-1.1701942844162556,-1.168228582390877
1.0960033141788796,1.116373393708718,1.3529806360544476,-0.5602761174428044,1.2438991954907788,0.5185187419145624,2.4753113987574973,4.645852455623499,4.995298644459367,0.6330544718170964,4.1861331515077564,3.6652027041771307,0.5634031227374101,0.6437638348621996,1.111823250223623,1.621311010455383,2.6411223340199177,0.6600598411371472,0.7810809982374333,-0.053423577132914506
-0.7320852042272228,-1.75873453382598,-2.943616647549899,-2.731643970098056,-2.910311442771888,-1.3095417029675234,-1.3551208701899125,-0.8085801203701561,0.7656213039330318,-1.5062281226648546,1.3356395247190649,2.757576816769216,0.3403648690138476,2.636608436729958,2.874765488732443,4.1779361539173605,4.277716614386204,3.766122369871088,4.904096686788596,2.154621125602894
0.30293297115738343,-1.253505276241598,-1.179567311882644,-1.8363135786601805,-1.720356176184267,-0.18495769491396907,-1.527728178827174,0.30148768907200046,0.6457585233749386,0.17296414193494092,0.6222566489106275,0.22833980765305686,-0.1473113489165561,0.8892145049716506,-0.9949634225376348,-1.0472237411076823,2.27291050752398,0.003739245421730771,1.7493226337931012,0.3243594175845175
1.1448752664128683,0.3955195764608771,0.8977234079428333,1.8945648606471885,0.9926356682077954,1.1128051262735739,0.8229085221549017,0.7625253291496349,0.20046019683461097,-0.40055933391089876,3.381807561759557,1.8189262118450726,0.55569758746178,0.8578110267999323,3.8080813902305275,4.085927351367477,2.1499375134521563,1.3760419864135738,1.2635561990530082,0.3071353199829313
2.1467703084420213,1.2577559870843131,1.8000526924639342,0.9790063809564983,0.450042307222808,-0.015993342419360273,-1.6384742103099648,-1.71655838568693,-1.4946450846645412,0.3738165620126833,-0.2241316402244353,-0.3242020548556437,-0.4099943967809175,0.20548549926325874,1.3485418710018944,1.7621025555127767,0.5556487203090691,0.23731786644944952,1.8929673531325277,-0.22283905294042022
2.221207499695473,1.7908462709500326,2.5294223661757216,1.5143753415024075,2.088320817871083,2.225811442193559,0.9508945427953571,2.550640087666374,4.861351073837783,1.6531265809579594,1.616140471516324,1.0518982187710142,-0.03751881877927682,-0.5123779463320055,0.1268669704427003,-1.1104820675294207,1.1725134835761495,-0.6462532528388903,-0.15227256532843472,-0.920335032888447
0.035214736338917474,-0.24453499964193248,-0.15496338948471783,-0.3387564754660032,1.5146208127742444,-0.8980808741785336,-2.0623846376317587,-1.8266076829738092,-2.127744627867609,0.42178465705308077,-0.7318848611735743,-1.3528025974568398,-0.6926467799507889,-0.8230187259910094,-1.8733573365128329,-2.4917004122394433,-2.1359947349113404,-1.4989177682816592,-0.9290597555230751,-1.3439611631772206
2.0171922741944894,-0.15600440009948574,0.17481477637593798,0.6998509632168164,-0.49936351439056326,-0.6187804799595992,-2.595052298725576,-1.8408639427115672,-1.53806125854916,1.0531125410468707,0.37126079234772996,-0.2548480122824106,-0.6418854434560959,0.04599194991722655,-0.8295054063676961,-1.7358036409386775,-0.5929707427125129,-0.4979582557213027,1.433341232816823,-1.0108996931815903
1.9509360071532063,1.5969363928898845,2.112207526765206,0.8416795408208467,1.9999704950909132,1.559396441890891,1.473868653620999,2.3461325538575006,1.7960002320384536,1.3509131787267505,3.062584922241034,1.5684533543832797,-0.40074725511792264,-0.3907348574217802,-0.8486096802341416,-0.8503699670236498,-0.4925131293949509,-0.9353382637256171,-0.4709582417676833,-1.1319075040698572
1.6585611095130988,1.8209275367548532,2.398128543923357,3.2102183749782327,2.6997614955186173,1.8496849401154853,1.1689037791486172,1.2099024931889315,0.04489325921763577,1.4400769540184986,0.11876635192142618,-1.0781763626537206,-0.8336315333725656,-1.645085570497008,-1.7751312765874423,-2.4979415360132577,-2.124365297841621,-1.9702572464135195,-1.858319633369796,-1.5914739058099714
0.07870974311943965,-1.445539373476513,-1.5543892455967192,-2.2447130728361087,-2.9172135061466844,-0.34689515184364444,0.4775097933019131,1.7478450322297034,3.7096935992720192,0.6454669624175287,1.8111373444053354,2.3320173113987397,0.46674850579361166,1.2570335860149597,-0.2265516278420468,0.4986561255486619,2.2861220253357524,1.1573638271890787,1.7206845290572366,0.1856290010972303
2.0310056014402353,1.1029371216544186,1.059345958778778,-0.23711257023113208,-0.5863362521596497,0.48994017872548,-0.6542976787593322,0.8591319281528992,1.9615603433429885,1.6680255557267307,1.2494350280296356,0.5913286898269842,-0.5715631696279295,-0.2795354142981399,-1.670443261972895,-2.0883780169023543,-0.16817030931346402,-0.6145932904370474,0.019053036540720013,-1.3207598697699714
-2.0104681267541995,-2.1882388894685634,-3.8959506131871486,-3.2970401730224923,-1.4880836464190983,-1.659655247153586,-1.2833799602609535,-0.6474088645732635,-1.65336733333889,-1.7864506681568695,5.136281278985738,2.8803687805477587,0.2312666208025827,1.7302134607811464,1.5726050579380253,1.240800674980718,0.6150836549513143,0.8420157417108067,1.6244068974491441,2.660515088511778
0.9332130035779955,1.8031650904768213,1.7477972104414308,0.8266381157992388,2.0705977240763676,1.582166003428509,1.6256268880000713,3.4245674282151506,1.5169901672677797,1.1791326865153129,0.9432691068860819,0.8061899874729079,-0.6430312686602674,-1.2401430026830844,-1.5164055451795733,-2.6451362292696476,-1.8554858452363878,-1.758741693225666,-2.045226203178661,-1.5486612193640934
-1.3079440034571135,-1.9090549302984008,-3.780470866982296,-2.949637734297953,-1.8090887599303762,-1.8812901130848576,-2.6417401345939346,-2.3395936978098515,-2.668429240741879,-2.538576730118698,1.737559774064551,2.55689302771561,0.4208804485888501,2.599936472989593,4.755084409859324,2.4384095395824974,2.404544409578122,3.794101985545255,5.587701843286365,2.450612328363896
-0.24552045234839195,-0.12436218364159211,-0.2774915508161426,-0.9425714915497178,1.9411577581245385,1.4104840778864378,2.063352599227936,4.912074915139777,1.2423694225362862,0.8379613966992248,2.7337522970450125,1.6777965718445045,-0.1895266420707015,-0.5844124388301045,-1.2997136859212495,-2.144904564989231,-1.191647031159182,-1.6724117622453523,-1.8357175004738546,-0.9690820644340125
-1.521425571777932,-1.588516396783394,-2.6482535997634247,-2.3670093156025995,-1.2400790501656498,-0.677101688192323,-1.092565875207435,-0.38170204113120076,-1.4014850038054696,-1.4466313110991622,1.5788044323207822,1.680074291069871,0.11125188688031346,1.1904526213073654,2.058321343547883,1.1014305021634692,0.5365671783779883,1.265311667447549,0.7834540697795709,1.43238520737582
-0.532204044207036,-0.005160200489130149,-1.584514764520979,-1.3769274578412234,-1.3202996747692755,-0.4662655316180528,-1.3427563510330438,-1.4501044090436768,-1.5196380776588891,-1.0024831471533568,-0.5411349683143755,0.16090851084623412,1.019515607547292,0.9763790101492038,0.6557839169577452,1.4885034787433815,0.6347427305057701,1.000522679535555,1.3849231581596484,2.778619716941686
3.0707949405137893,2.5492436205203752,1.7595516575313976,0.7431385719134841,2.802784187688948,0.00854431315137819,-1.5090741665856293,-1.5001192589714856,-2.3988530504544467,0.23455162040973365,1.4687912170029156,-0.29749016945294576,-1.0946054025945593,-0.5398626464062298,-0.6906862676556179,-1.668638166670749,-1.8169723843420966,0.2048677340655437,-0.33881425487137745,-1.2440004999737078
3.0531147393538336,2.659145198461101,3.5668016995733605,0.24789824352127632,0.8237935342587628,3.061735585859471,2.4416753438089476,3.7772495625477984,4.478568282168849,1.715794580976535,3.374531140764014,1.6692389531720195,0.17977693474109294,0.08562650114126208,0.0727548924853401,0.429353586651224,3.1552205439768044,0.39485488848120764,1.4525222958386457,-0.5765869676508544
5.6822616792647445,4.2062119168132694,3.9841984943786612,1.8179769557765588,1.005793206132246,1.8217982617823567,-0.8159027137708565,-0.776746011651667,0.1004585449450739,2.534243262397428,-1.3500287944333695,-0.24701378445425665,-0.7391538848595597,-0.9694003775111644,-1.8265016593322438,-1.6793335543995116,-0.12805068512808496,-1.234227753286493,0.19175619049011886,-0.7996459287934758
1.3968698849181784,2.1101655775692,2.3607064358337433,1.5334180802146373,1.2012184555973429,0.5556488794657873,0.6136542672299632,-0.736762559743017,-1.0433906056877251,-0.32965769560265196,0.6706579838681886,0.10979543803944421,-0.35461878883541903,-0.3075324016717651,1.0358976713485912,0.1554008707594469,-0.07060500160627595,2.4227953760396153,1.5839083171425834,-0.2679774322244304
2.930196400240848,3.166953627771675,3.294817064985246,0.9229657997422972,1.7026288525014073,2.690135259662285,-0.8567894775526532,-1.1877725647733433,-0.9773871428695902,0.9074097482288661,-0.7796237905247373,-0.8380325327873148,-0.3346751481844669,-0.23969165191168668,1.5451560869702083,1.4222972717728068,0.17783921979995249,0.49990833016722797,1.8303377952047157,-0.1430076782631773
0.6824941718667125,0.3164124453694874,1.539109096049152,-0.4658840629600712,0.9078207212268418,2.1545500492546266,3.0488353613369763,4.165927007732471,4.37165255101949,1.0263237278012234,3.552731686569234,2.92054989635568,0.36737557271356236,0.2658591579919581,0.11687809696180743,-0.5885437277535097,1.3602699514351535,1.2836589722116882,0.26672262864924456,0.3014724059924383
1.2221215645912533,-1.0584365671133984,-1.4010417289014987,-1.6868921284170872,-2.5854258582266065,0.19763945155531346,-2.0855136850447247,-1.5661128824554733,-0.9213007787701373,0.08271479800004682,0.05111662764164433,0.9671046661796086,0.10915537355930795,1.5302760746382948,0.5920596596788349,2.2964172602949438,2.1458084120442047,1.487954491937481,3.367740927784137,0.9086616652798024
1.8174432383105155,0.3702017342686946,-0.7165281488864279,0.7064209303115158,1.1114081287998567,0.16879972360537338,-1.7637253902822998,-0.7957594717806482,-1.2505509241818962,-0.613512908471764,1.4977478450010933,1.9291774829032042,0.16658625293332185,1.648655313299582,2.314098061135228,2.80263791528227,2.2494530874634853,2.7861437318366478,5.624057520401389,1.3536985084844457
0.6685105867470649,0.8673737137473305,2.733372210742184,3.4421886786186042,1.4989610720249098,2.4293254004990965,3.7653493904724664,5.028266002230107,5.650702449264701,3.7236728988414924,2.9548015668478955,1.1596265071694514,-0.3318222912076486,-1.7325791545667542,-1.9933529430008712,-3.034987605172829,-1.7045805525821889,-2.4427777502910546,-3.130542669028359,-2.054374473402316
4.041758764196348,1.810866183984606,0.4514229836289171,1.0232269041110704,1.0358234770869568,-0.1679149893493563,-1.6320138798872563,-2.0565012624401913,-2.102084912978086,-0.2342269655217329,-0.2740806951342697,-0.39368339861486285,-0.2339250090469631,0.2882167849429525,0.9526070499828752,2.5993444734672395,0.42816926630185054,0.3307364280336178,1.958533038563439,0.22842853747943542
0.3666928949782098,-1.570683579421708,-2.006733374475157,-2.4339041342617733,-2.6842613605238035,-1.178227285519102,-2.0270877846028204,-0.852544474088203,0.3309068929327066,0.11917189249073332,1.4149209897512396,1.6535127785231176,-0.16825366972040598,1.3303835513380844,-0.2983661723374273,-0.6415818649708505,1.2967196423923395,1.7611972617674294,2.4294008191330305,0.7825625879314172
0.6004291242336292,1.502930608011986,0.04011723910356237,-0.7833253525785351,0.2767385973975377,0.7271556963605156,1.2725717501447433,3.5075073325430117,5.634020308811715,0.40150929262677093,3.149727765103844,3.002138185335476,0.5392035060078321,0.652157521136168,0.8290873645368856,0.5629638081122073,1.8251771086685036,0.8811712390108757,1.3916492794114448,0.13492179720430017
0.051767036501276294,-0.6257348487302182,-0.925429396873928,-1.1412945318245928,-1.2139005705249384,3.012889630547675,1.6429944153499607,2.432354923378802,3.337387262786079,0.31589799160893706,1.122102067499594,0.8657564174915492,0.8522272587718932,0.9843175913313376,0.6406170930689606,1.5015975025758386,2.234853991289345,0.7478518046004363,1.839801870939357,2.0521109708891254
2.002672974939714,1.2009501334795576,0.10614456014255404,-0.3695995701920903,1.6569414772527111,0.22644388640484184,2.0456620490896333,1.788457034387545,0.9400694786717912,-0.07743317246423209,2.348538812970657,1.6648510026670345,0.3426462606677951,-0.04495139125693248,0.08618815471286728,-0.28662740361329886,0.36853742573700565,-0.06516990997165814,0.6249884751184643,-0.09292162715782698
1.3127725806701298,0.9143321659908817,1.6654133327286387,0.38958328474702897,0.6575104111749411,1.405598684544302,1.431577742160853,1.8188235616671198,3.750856357545433,0.7009645063253712,1.7625620597397444,1.0848132907042538,-0.133155133979285,-0.4224672895764698,-0.9323587725679304,-1.3713243154810688,0.7928829322359,-0.7992553784641246,-0.31381470083972873,-1.0176378978626939
0.8232938854803149,1.631848186149163,3.7844629978503814,1.4706463243262544,0.8599575102958518,1.1824601622509665,-1.1927906998107505,-0.2890195208938016,-0.39337662153643504,1.8298467275823416,1.1768429871213315,-0.39977404478581097,-0.8683492205172378,-0.6789064518404128,-0.2044097431560553,-1.7934783816261788,-0.5354077934930053,-0.9166579638261201,0.5559599538791069,-1.4572574022526958
-1.519170169931964,-0.7786260387953584,-2.9773481686840997,-2.6678123910929026,-1.4065983674874865,-1.2761302337025173,-0.6726782563962213,-0.6030773320804875,-1.074990417942705,-2.4819855723821154,2.2489485322432192,3.0302167489790355,0.9598015904021752,2.3539447885565754,5.8187326854595245,3.9452213871507693,4.5464392680138985,3.5178524671093245,1.7960609909327871,2.3627696318667772
-1.4441766364562432,-1.9860173691763885,-2.879210223903635,-2.6013023350700766,-2.7449098851920413,-1.844436529207394,-1.347027771754003,-1.1657961034530648,-0.38995146491642163,-1.6328790022577488,1.9189329892961142,1.778512063710463,0.8556866063417571,1.8603880793148622,1.9353592812323324,2.4913221009789073,2.339310127418776,3.719240575644581,2.527604967137086,0.4267159702560759
-1.9219549098814421,-1.9704057275643947,-2.625238823969301,-2.3853930149502682,-0.848631011502594,-2.2901472306381208,-2.4888688698158727,-1.975646280771017,-3.2460579892118306,-1.1157236600436322,1.496949212401703,0.3398330562754948,-1.0321994126511296,-0.11700314894668004,-1.0423518160695675,-2.172764809887401,-2.4404516087392816,-0.8434897285790756,-0.5945555403849245,-1.054917342492305
0.48100703580854576,1.2489440148794908,0.6100236647757685,0.9087869024057429,2.833633275978082,1.654796028279424,1.8759082091609884,2.4225289514252366,2.8745976314269606,-0.4395673376439211,0.541666613674302,1.988897849379276,1.0896854828931835,0.47757574884827025,1.6260759951065447,0.7540650819892638,1.2780867495583597,2.660205721242929,0.9679136016166616,0.8066227830626789
3.225877486091406,2.2222992712948084,3.1365226487124858,1.7907926439930795,0.2988826245831343,0.6169160150226441,-1.7868452484993744,-1.494273476455825,-1.2791096039107261,4.300839174070166,0.09479394772074116,-0.8013343142577074,-1.0610069645913585,-0.6584815907147098,-1.303954307040133,-0.8904396484032285,-0.9036636365970574,-0.6883457714598425,1.7443988462742126,-1.400927180357553
-0.7184263442694944,-1.8298116540624039,-1.6970730975087942,-1.9028735560166545,-2.520383381265066,-1.8797194784950049,-2.501430774276333,-2.1057340276021397,-1.8787922309029748,0.0011487468898270852,-0.39872786229923063,-0.7986260574156795,-0.7165803752345485,0.14671920508339517,-1.4883769619942948,-0.9189660474259391,-0.9684523483462175,-0.8200673552400882,-0.023831585005438326,-0.9128291465195744
3.440845475163878,3.1409978351711447,3.352696271498587,2.161043953582903,2.647022627133333,2.8992843777902166,2.3016462720687385,3.0319187718349663,3.3408786364515057,1.7527918255484567,2.2072902460196504,1.3962422434564354,0.003214680975823472,-0.5526302857231008,-0.2909599312781138,0.6717916765200889,0.7064274722521582,-0.517738891740611,0.0706586597570788,-0.7356317778490126
3.6012331324224762,1.6080459712911235,2.7533821457090264,2.1428371533331183,1.438365719605947,4.757704273378576,-1.1932342629348724,-1.0216648681650495,-0.6496740055561577,1.7672797358946066,-0.8888221023098892,-1.2061011649750795,-0.6516896570909843,-0.5214438313826814,-0.9565468416587387,-1.1572897987060764,-0.1748783517154419,-0.5090268095779992,2.732370163744378,-0.5984571140112225
-0.9959378049637695,-1.717516539317865,-2.114630505825191,-2.200053569244477,-1.3700544545222209,-1.958604285300517,-2.6842908614647225,-2.0528204833885626,-2.749081891266245,-0.5405576241983103,0.1948177483619763,0.22561319379579853,-0.9111565298076885,0.21584960738058268,-1.0667265094908007,-1.036143892536132,-1.6007789872133256,-0.6049791312444888,-0.0885897128624419,-0.9100858766543194
3.440975618577248,1.303138643707172,2.492767157565566,1.2541235229718273,-0.27697344735846924,0.6430168460543657,-1.2418280117587774,-0.6471158712157741,0.8791197851083028,1.1280722434871293,0.32077607280631487,-0.5765059748162211,-0.6073622676352385,-0.3077564370843025,-1.4484400912473772,-1.534648433435549,0.18234367554117328,-0.6746492462497934,1.2127994504326762,-0.05002428031517336
2.3317998962390543,1.1177831669685405,0.3122204654909288,0.09698057497721338,4.038679442040476,1.9494987761062346,-1.376538352233685,-0.7046396779313752,-1.2057584161499102,0.7496312011910571,1.3076812042416108,0.46999788676562476,-0.4960217355690465,-0.09923152312258603,-0.6824711626468906,-1.3548482613152997,0.13295029770569228,-0.4196802202884281,1.1662909565325934,-0.5123393305423691
3.4435835986760837,2.145126760285093,0.9373609645477561,2.9121851517839015,2.3114980826980647,2.7387120277336727,0.30892010747530274,1.7041566798237946,3.2456479358112365,0.4018723264203579,1.1740512415042057,2.7120745755848605,0.7936213005415236,1.4750119913425581,2.6679779591056554,3.719333922840483,3.4622079190010417,2.775620172979465,4.867838278256978,3.19666117899742
1.046456753702933,-0.7115133577265361,-1.7065587352109435,-1.9784368155088836,-0.8066336635295255,-0.7163325268944576,-0.46698469177215346,-0.12156784411847163,-0.3067468463595792,-0.714201637240308,2.700292216175751,2.4461195909532387,0.05649134274930757,1.2503282891568348,1.211406546211022,1.4519789132158278,1.9377059349028527,1.4878286190673622,1.4036490341333154,0.4563876843453736
2.5458035646179398,2.0069173633470303,2.4779375147006655,2.418175769830499,3.3946870633735435,0.6897208362542807,-1.035701768380632,-0.4157372061499214,0.1750843236984132,1.6141072575549633,0.6040680679172544,-0.7042570184200978,-1.1877217984187949,-1.3220254372420333,-1.9716382669867947,-2.8884231465962373,-2.0587050199114976,-1.6554701602612139,-0.860154880673794,-1.857578215185533
1.4953596646118452,-0.954947484201157,0.004975195815796327,-1.0991219832439354,-2.612882566349346,-0.7842921729354053,-1.227680692153711,-0.9489308922055695,-0.017515004008766842,1.7726780163661946,-0.4746863480106501,-0.8038610052036619,-0.7753443416260568,-0.20648196644816474,-2.5438793201280245,-2.5581879776783705,-0.5568720585484074,-1.5399401153966623,0.001497734746175418,-1.5100567541699705
0.6307722597574061,-0.3800889677944535,-1.1663520578834525,0.05282282459143735,-0.33396726623050044,0.45431824797256154,-0.828475914278051,0.5100201150485709,1.8783460896625543,-0.5532326485060591,0.9095244128629723,2.488181617274406,0.3019636648889811,1.4904387366046477,1.5851574933237467,2.0218159353547986,2.0718024862668387,2.397914719056317,4.833987391383928,0.7558128286974943
1.8957866445088494,2.3476483966670356,1.270579146280717,0.8309803290689742,0.6784701185448758,2.448249067096393,3.445145160655048,3.1589369097999076,2.93839542315878,1.8358875009033422,1.2441309452251124,0.8882061764358142,0.21219125276116252,-0.47885708802745625,-1.1711708659524007,-1.2589329129385807,0.07622755578084048,-1.2693705375838389,-0.6448034991171956,0.6225113345444095
2.5601850240376516,1.0333669212421963,1.798655283130061,0.7301032598478033,-0.35529675986719755,2.407362191250481,3.3718993900978345,4.614586065127886,4.913913520708727,2.292981226582229,0.9389456205372314,0.7253853166336398,0.2708135712268668,-0.6552893839855168,-1.6056314611481157,-1.5316151403372593,1.2072961253644539,-1.5703730591774523,-1.167079414735817,-1.0242514360360233
1.040570409662649,0.8574595506788815,-0.11080298470675914,0.269266811838699,0.211800571522188,0.6043321771486304,0.1499429517317486,1.2575825753276735,2.189449481869714,-0.29629577361565346,2.2294930431507543,2.467663618301126,0.5024880123259166,1.2199260890545724,1.9368209428978875,2.1487659838310904,2.781762918682733,2.092379902623577,3.2495386387601317,1.0139214239730854
-0.6888336207286183,-0.7328995204114063,-2.72085981794427,-2.50491297210737,-0.9307051815144044,-1.1654669755095384,-1.5924580485378124,-1.050821345100499,-1.8040250010759367,-1.648831954789044,2.8370000786495857,2.387794995677647,1.8980589460373478,1.8991302078016088,2.5883048229286647,2.8386742078215352,1.5668216687331598,2.1810864221581276,2.941248958397785,1.6057028586516644
2.8594092208359707,1.6125041230572301,3.0490196673191616,3.8152199566472365,1.8935884016517213,1.2414078260353085,-0.9881164912207497,-0.5078068139710991,0.3368712235788944,1.7959218401306054,0.4042316328763007,-0.8845051844309384,-0.7088794315437137,-1.173256052877806,-1.7221737353828714,-2.3507505574566676,-1.442170263676908,-0.783404362195035,-0.2900411484771617,-1.711620617925071
-0.2689908488533789,0.639057916995047,-0.8341311975513295,-1.1140826562538395,1.2574101970141904,0.1848509068081996,-1.2749551908332486,-0.8936198654555045,-2.022809314801891,-0.5459095335423462,1.8527612812628254,0.7803567462142312,-0.710943531523637,0.6608954794792167,-0.3795529559043738,-1.35504596865607,-0.8969289594196208,-0.49199580457776027,-0.44438493490347813,-0.683955971795259
3.17077737696854,2.9458906787833823,2.984711529942921,1.8267829814463976,0.5483484259591336,3.541052913670608,4.966138511714396,2.457169540639545,4.753729727431061,2.1356129139881146,1.6787963418399763,1.8170669234480548,1.0101788048689608,0.4359443109443148,0.9305808280100535,3.5674113800378215,2.24440667348725,0.677917075471705,2.0873981612347374,0.7831061021604289
-0.05249770242621139,0.1442160673785781,0.5550451511091143,-1.0155222139371265,-0.3695806565078416,1.3656586400738484,4.12355338463122,4.336910080691377,4.458973593317783,-0.1978898674805624,3.113886281833164,3.576135315331598,1.3534048879033822,1.3129654982075447,2.4386557307919436,2.956401728490309,4.791011902320544,1.9178535629387443,1.5019068506518836,1.422536170990156
3.3196467946817205,1.790487882222185,2.3131724735953467,0.7126343863073982,1.521548440106588,1.8873823479438465,1.3136981535295829,2.3259471867496564,2.0100669604704837,1.521088725725175,1.3859682181189321,0.595752406745438,-0.2826657200712097,-0.6676386296676695,0.007938413035961446,-1.3838164650298508,-0.15413875379831687,-0.9827216840054187,-0.5099395264535946,-1.0402140394887156
1.726429759556353,2.29910250103325,2.677832757099881,2.5093859608384337,5.424168279621296,3.029786664442495,3.4952091041754887,3.6425728933134245,2.2361532515766163,0.8420194826312343,3.5300166756609763,1.9892724372348731,-0.049556159441935005,-0.8412922997353177,0.3016033104197736,0.6268753598537337,-0.6601038538115187,-0.7394653246585988,-0.9447359174940653,-0.6486927715148755
0.11862637748586195,-0.4432274398050567,-0.6188473032179509,0.27322693268735765,0.24970589129381665,-0.7190848392504332,-1.3465925167858954,-1.2268379873488573,-0.6593769608977426,0.29563593326253773,-0.007391637721182245,0.14313504310952638,-0.24105892932322015,0.40889119165859383,0.21062529632006438,1.8776447164978294,0.14381733804458477,0.5403745942000657,1.2834772982075153,0.003399659676770283
3.2951225468056378,2.4874055763927214,2.0265262918847258,2.0222887658412776,4.517016326219412,5.63067827751773,1.0718397306581873,2.148681691435208,1.352466126810856,1.6666809399109337,1.8359608741281932,0.9648806317840296,-0.2206017437910424,-0.4905157348908483,-0.5299654244858931,-1.1913929635009113,-0.16699406085612326,-0.7869139855363997,0.8090529759419501,1.00242754776107
0.01947480960863988,0.08689903428152351,0.600584056987348,0.39519533459584383,1.0031772746649357,0.879775499600921,1.7866239342549304,2.0247845643824554,1.4337683927110965,0.9574332671820495,1.7167166824374946,0.5452200853085818,-0.4552250868545896,-0.9193953341317037,-1.5376472870157094,-2.269673034766078,-1.4708808489220384,-1.6798128300209816,-1.8088677420851813,-1.3253017764424881
1.3910259565690375,0.278659906669313,-0.9664156921485971,0.6982721125915988,1.1169967747112655,-0.33518407307535525,-1.3759169452612878,-0.7566790653945772,-1.741031067846757,-1.2976995951442074,1.8608688093317054,1.795565005966726,0.11456216692089066,1.335218455650592,2.4573250623173113,2.523516781125179,1.386864714471613,2.588146068978985,4.178924572937726,1.5247169901618194
2.479136089497026,1.6593982034017054,1.4293818014316875,1.7064455387674955,2.5819244696860744,2.734057587231195,-0.33752607503817955,-0.8211784781845334,-1.4131601230339506,0.42896667130246713,-0.1370575554690077,-0.830003341675963,-0.6933985684354165,-0.8614157002971894,0.2273169285759786,-1.0988012377576035,-1.3448589046634185,-0.6889884369268127,0.3226444263098753,-0.6871250728562271
1.1178653174948523,0.7900277552874024,1.421621318338398,-0.17544348371637894,1.602760929680128,0.9969278831217142,0.21590537297274764,2.6263960963658266,1.265058526879385,1.0965930927412617,2.578471841631121,1.248208764440111,-0.6392383047048273,-0.643615201870795,-1.283440783862413,-2.2659606061280635,-1.2198986500532147,-1.254696818967395,-0.6025331204362886,-1.3759841033666904
1.0157786898379846,-1.2845045047937198,-0.5167342951661837,-0.7388346166443571,-3.148510394521596,-0.19290375915615227,-1.039746143276437,0.3910574098042217,2.767411609237914,1.981360004757216,-0.33857817684767016,-0.39780895338556693,-0.4088550877660204,-0.036633724022002094,-2.4964575869629937,-2.3689012218756833,0.2097545859518691,-1.4877109580106347,0.013305048131523561,-1.3287320144972505
1.1160884227282952,0.28754944267059773,-0.2335228464886258,-1.2789168418154875,0.49866081890410024,1.694098361191552,2.0841547825010416,3.406423918259834,2.0741863143900803,0.31333729770444285,3.9611149963879844,3.551545234676978,0.46227252795763135,1.0812630708445785,1.8026877011550322,1.1296328739090593,1.9238052371784262,1.160194535870432,1.7863477403069932,0.6991808000569784
2.879885385814006,0.5828754203574409,0.9643061784851692,-0.4856074372968902,0.06836132592573443,1.0120220685354324,-0.0639734059846991,1.5147319186047252,1.504624667227723,1.4813019871863773,2.2547978221281797,2.189619405763907,-0.5101539960225238,0.28867784467363855,-1.3119400334660618,-1.8441845582409515,-0.12190583989688017,-0.8653959255768482,0.19165866837399284,-1.135012324524269
4.27336469521175,3.514928587187907,4.151630377847157,2.9184387149171043,1.1097427804912614,1.4914673789023818,-1.4911578309511704,-1.6331352280171822,-0.8035720651049296,2.335907000226833,-1.7950039505010675,-2.224077305152207,-0.6393463000191507,-1.1549743117438436,-1.1268570316722424,-1.7724070100621019,-0.6299369831856344,-1.1944690936951547,0.5540025067231772,-1.4669485135472469
1.2998459201087478,-0.4643332812444003,0.08026275920122294,-1.2140497611531835,-1.3563923603147525,1.1114698428314214,1.3880704705084341,2.839297062293203,2.298548027807849,1.7340471208529074,1.9563670108582538,0.7615571022948449,-0.18721173740763922,-0.014556142771728226,-1.695834501926456,-2.0004732226955517,0.8171826235152833,-1.2583443137413526,-0.2959643913401515,-1.0686940641295735
4.0780288604095905,1.9323577757226633,2.986195574733174,1.1458319861613795,1.9724096208864543,2.443148220192099,2.9914379935947615,2.9676201103178146,2.9060936444789096,1.8460384187492678,0.9583921051138757,-0.028050219165538307,-0.2214680953051231,-1.1853216510437368,-1.3363237560654386,-1.6467779271459833,0.24948642392059148,-1.5249281122069605,-1.4789417658688306,-1.3099877416288674
2.7892604555349325,3.306287559750733,5.903622509670882,3.078391355508403,0.408400827002787,1.440159973592484,-0.6583887455051037,-0.9938601841422309,-0.21137664861727679,1.8392354187507443,-1.181293228530119,-1.5809680801668213,-0.66844646624597,-0.9393111465119882,-0.7286138241085692,0.2779218406138796,1.8532715850757142,-0.28686167206350566,0.7639145448472229,-1.3034380772052894
0.7821215693060863,0.1177298243723272,-0.5441235850918136,-0.954903448716976,-1.1515514290426554,-0.92675207729657,-0.5046942359511174,-0.6570999630589129,-0.6756821702062391,0.3738573467338466,0.785210632657212,0.9998669922263378,-0.5211259413666605,-0.3156442071729072,-1.3563751602402103,-1.5528945758923958,-0.902084200490648,-1.0556332013105496,-0.7919028892559448,-0.9646991457533911
2.1413186762470184,2.0633173205616595,1.9255696903006723,1.9098469499922825,5.35839890189026,1.1138302484521732,-1.4106926401352928,-1.0386699797678627,-2.287844364988118,0.6850186702710358,1.6550393886111017,-0.23655440138862915,-1.2856531355390675,-1.1419779530134075,-1.1710990865374686,-2.4490885608471533,-2.6041312546544475,-1.2373428201132233,-0.5952233859013217,-0.8003464431724561
-0.7245464988051885,-1.6935105436312283,-2.2912317559753306,-2.8460813573050503,-1.778117074749951,-0.6940325780487631,-0.3358028380618658,2.1261160083369455,2.100693827254453,0.05031140600956031,3.471793460141741,4.089633283055778,0.03913600257461593,1.0790371865670394,-0.29032425759631053,-0.38349744613703796,0.7846509498350944,0.10903857239801058,0.7182474239465598,-0.25610860123072127
0.8204156260299733,-0.1818334814433539,0.8880441911193213,-0.648106442009504,-0.8539496325615902,2.274623343330574,-0.19369319810325647,1.7303824922282836,2.654359850912698,1.7081821423576937,1.574583922847301,1.0813426316535766,-0.3277867988935457,-0.03563815598411235,-1.4536796424504494,-1.8396021229317383,0.2665890705118714,-0.9465045856324832,0.8420942724225311,-0.9968261189143125
2.130406165617382,1.4762003808248507,2.2976314479748186,0.7473108506864938,1.7138905317258335,0.32531674249690445,0.03234607167464806,2.747033978209946,1.4887563085736104,1.3497647339004095,2.57251646444735,1.3185652320000667,-0.6515453993313443,-0.5748954792120002,-1.1321173987634694,-2.005063003789913,-0.6898402535039874,0.039440617815194805,-0.4334779864322793,-1.4344761726659327
0.6630275038164661,-0.008165048175329141,0.06871438642675211,-1.1429153734161293,0.4719845208055891,3.03720763720044,2.6952639990545517,5.0053719622503845,5.725461666559955,1.3780288030129206,4.131470525299725,3.1878711080452415,0.22904921505933473,0.046367972062754816,-0.8258936463648407,-1.6264070548954115,0.633024450121887,-0.5207182207813011,-0.6689317249538956,-0.771912648132746
1.1955770587722183,0.715942501562279,0.2146835209202753,-0.6331752218712887,0.9042483257483767,1.3464025267478392,0.3102905648466911,1.9488799527421414,1.0212084175974168,-0.2972241075671696,2.325580799486091,2.629391046343096,0.5949938272340898,1.3350537772542437,2.3360727970985136,2.3884159816141746,2.34170827320355,2.027763235390542,2.962030428000195,2.7364841712707593
0.7312125510252547,-1.0090934482996818,-0.8244988478059927,-1.0668342427744097,-1.2648318347389713,-0.6571761293002,-1.939346369151905,-1.7175020302300517,-1.7933383797274243,0.2769348349924168,-0.849389986891243,-1.2184253183576255,-0.06130088757386732,-0.5198345861749036,-1.7771078794803379,-2.1929226337403858,-1.6449446256496307,-1.3140078312270598,-0.7887825635259113,-1.1997469379603511
3.04969514844595,2.462390493023242,3.1017009104986712,1.0365353515514024,0.7546669680499803,1.2245293463899807,1.6876449932252184,3.0878295164248475,2.97492751570021,0.6213290673661617,2.1046574013195647,3.1428700222980717,0.5730153746335085,1.1260368541185741,3.1285852480994127,2.808013968229963,3.4488526839248608,4.010455431560952,3.4173298826984233,0.6521348782538641
2.932520143063609,1.06096693985915,2.722367664613893,1.0628920944264426,-0.07719626468605466,1.2670827945591876,0.02258453949477689,-0.04775419817861406,0.17133619222414495,2.368839300290914,0.3674095232041185,-0.7312628073300499,-0.9597947767587267,-0.9679480627787088,-2.4285960574165375,-2.790738922260991,-1.0585373591009368,-1.8244593015173334,-0.43893202055802144,-1.8851069617060836
-0.4701736720623255,-1.1942966924963438,-1.6217144156084233,-1.9310420662429575,-0.16364845483650578,-1.2187055802310156,-0.972319889352413,-0.7046638149719803,-1.8166707831970323,-0.15119518380257158,2.360066653841454,0.9676452732683124,-0.934759762808868,-0.17938781665988296,-1.3516698148102575,-2.4833365373054983,-2.052492378685796,-1.1280097483218177,-0.9661799673289417,-1.2603932629332921
-1.3212534397646047,-1.8545028943818145,-2.2731187266444692,-2.262303663772204,-1.3412562484664274,-2.0878287373755255,-2.5450941596687833,-1.95167782245182,-2.68512572657848,-0.6773186073738182,1.0552369798906054,0.20411843033701949,-0.9318383192804858,0.08700569494285716,-1.1536616879005082,-2.0103826170414383,-1.8170631850021202,-0.35352896799760053,-0.2626690863925467,-1.0031493281511965
-0.16626422132627047,-1.7038315584264374,-1.736730049193596,-2.5426032021813616,-3.398195529094213,-0.2925637974573188,0.6691184624525185,2.53935427990763,4.793355959019963,0.8679645726147673,2.001049916440933,3.5500512008900063,0.6305711150781224,1.3347606104484366,-0.42485915704045896,0.48121304700775036,2.5369123645605742,0.3910457734235042,1.4846174986284641,0.1728198394366083
2.4165944155487864,2.039852384536579,1.1531200563867505,1.2441193840499685,0.8977099964940971,-0.3376403920155429,-1.8546887079891485,-2.1177687631040487,-2.033496317119682,1.151362220860118,-0.8665332376803342,-1.0912727092547165,-0.7269158261330629,-0.3518897600487097,-0.5413119975106492,0.6491805095421836,-0.7010432894658584,-0.15116440590778463,1.2123803259467574,-0.6321355385343287
-1.3848232380175027,-1.7788796463282175,-3.077446016919634,-2.8181647340950184,-2.274349048048685,-1.6125057505815787,-1.118254952304765,-0.9681938984445071,-1.2176573509940951,-1.830609727070211,1.6722367874565436,3.1389875761569757,0.7364976527002228,2.214923432341717,2.6754435161151244,6.3229714663659475,2.1852701064176108,2.6242641641781566,1.612929004122914,1.3885039996681718
-1.5861774812630096,-1.2867837288070805,-1.8834143267389698,-2.080303133810205,-0.9654628054669298,-0.46669319842296475,2.0331957220601784,2.0001857471861366,1.3049831693534504,-0.7684934658403086,2.471921362965452,1.9120773824681063,0.2900122092279062,0.5358532136373567,0.86219763777286,-0.08025376074340891,0.3700121180228699,1.094637640326406,-0.441548642010923,0.01651720042472322
0.45310785799970066,-0.7457437920427153,-0.6929335234997024,-1.5733094800844334,-1.1590206113155108,-0.7637770065612929,-1.3748151836940483,-0.4790951749686893,0.26686531775926714,0.03434747625924065,1.920786184985599,1.6498191102704933,-0.24954681925403516,0.8445380837276052,0.030493670058778784,0.7490349434103744,0.6883933474743615,0.7068692417151017,1.6317426947671947,-0.14447942133048702
1.1917170720960117,0.564542038222741,-0.3801682497469929,2.126130465985094,1.4601811271471319,-0.7610786471126326,-2.6586887293925505,-2.7130350618102574,-3.1048671163699186,-0.9177568654801717,0.8371578563421502,0.05584135434701065,-0.5615916420862783,0.6811498590324925,1.0780748570076168,1.2544193845006013,-0.11710824894012352,2.3157005160031527,3.7469301890078492,0.5452334102833025
-0.7166607049943312,-1.1516848016127128,-1.165638603425781,-1.922240168036394,-1.3270232045169115,0.4859598767811054,2.6829795343079637,3.322842455261881,3.0923394756438656,0.8200984655275707,2.6506404399311356,2.0922079834299687,0.1583127716969785,0.09892821380421112,-1.1725040223737924,-1.5979243526630351,0.4139091217169002,-1.1454343846286916,-1.1480455242727186,-0.7605062165703785
-1.204516563354882,-1.5589655993610854,-1.5736975830899493,-1.7866080541201823,-1.6843273671933376,-1.2467096879809387,-0.6033765552210301,-0.29457253699676184,-0.38646612809620295,-0.3284138476329496,0.1574727713263636,-0.059257500632060596,-0.4279002637000911,-0.07343309959983263,-0.02394737267015568,-1.3868759393125385,-0.8822902631050452,-0.8031191869563598,-0.7036862381340402,-0.7437852505100103
3.5248542807288836,1.8587924636416313,4.855894784444921,2.2579573984234047,1.325975718456971,3.5932489273324637,3.240509385810819,4.625773417425463,6.421381151090856,3.181146687403233,1.8066901145831509,1.1216635503360128,0.06778310108271057,-0.932157810360678,-1.5388447998837622,-0.8328521726689565,1.1085706195558542,-1.465007352165663,-0.5583385889276171,-1.4798668143151743
0.8295357206333306,1.4432598023865613,0.7285369444501584,0.9081237127482887,4.448831561877958,2.0827895270811903,2.024315000156524,2.8001065389114226,1.448579529117085,0.32765166374705773,4.29935317258914,1.913310694635278,-0.004450697642232872,-0.38140767782883467,0.11621026390394124,-0.7904749487533043,-0.6817426814373388,-0.6510106294915933,-0.3751576202624133,1.021580628334179
1.6853697674718344,0.11385708697354226,0.23906996983324252,-1.0219725001592244,-1.0012406501742475,0.660929186101139,-0.5027714812550346,0.6865044956457111,2.389388079280835,0.3411973532132266,2.2899469351032145,2.594770650568809,0.3630183991300576,1.4321771563205439,1.398458727819688,2.485809466073308,2.7088351732219986,2.2224363488225602,3.1180642365294937,0.9294411633655206
3.2968222962007103,1.3193545798785768,2.862456623394909,2.2143924429996558,-0.15511409924994388,1.4392013968822186,-1.6489196534272677,-1.3330582219429168,-0.650059586191815,2.344435897600772,-1.2720674680501078,-1.8705364843144165,-0.1800277277525433,-1.0220970338204372,-2.3992723352161995,-2.479760552392634,-1.030086503661488,-1.668110937171792,0.05421000403310442,-1.6998538255865472
2.673160342000225,2.107527189901657,1.1282232750151526,-0.21803943224594907,-1.965332071910966,1.1211458760861697,1.8935358391775055,2.9634096796701224,4.474050031633648,1.8684274185227558,0.8896127325929188,4.243349889828399,0.8202941285192259,0.8523309314963998,-0.275596068302755,1.2381867476123531,3.3577384125359346,0.8208096172195104,0.9378919659810033,0.4813776343006841
-0.7516986787270263,-0.8344526338310536,-1.13779142477426,-1.9631872844092424,-0.2670965640673451,1.5868480150704534,3.410453280429221,6.37721359469274,4.281023348039514,0.7456092325890635,3.1449429312856605,3.4251983501172463,0.4233890282151333,0.24052451640507377,-0.3361731077356024,-0.6784751218482662,0.048122666042874795,-0.9653501093864486,-1.1698444680734426,-0.46142347167964753
2.0475941897989456,2.123135609991359,1.701602399806054,0.9583541995782674,2.447096118530386,2.5242954137627165,4.01676574871841,1.1661724436337924,2.028439173584843,0.4008240606967513,4.430615847776853,2.844123914971918,0.4798152073481051,0.49507100198687376,2.473520186671836,1.9948338655252074,1.6967012883295114,0.7471341752057682,1.5249540238930668,0.6445386492416607
2.8479745472865625,2.371821600676735,2.3195598679363982,3.7410838756684317,2.159902576587147,2.9766066398306146,3.136291830949045,3.6097038847164815,3.9122155288274416,1.5865254407352831,2.5270359452462623,2.643590647208376,0.4180158332408417,0.3212859901291285,0.8458932028996881,0.11956938390739945,1.6280501541326777,0.4471870770284,1.004368083115861,0.4185779821618123
2.7249781485683564,2.4201116026053,2.223166916121882,1.2944287271320125,2.52662715056384,1.785686098536809,0.20143492209141337,1.6222335902432632,0.10478001188067321,0.6663647283382943,2.8382922808725115,1.4490644362318648,-0.17633254711269938,-0.010518783307310134,0.6337138892766072,1.1189280306894025,0.4146655900976016,0.3194522951597926,1.0192188885059623,0.3436614380843025
-1.7461979455729915,-2.760652025999762,-4.292440936063015,-3.4796129714323607,-3.4654824297662015,-2.645802432124786,-3.003759869482178,-2.8046987451332246,-2.4947461584893897,-2.2338811641279688,-0.05424221501136195,1.6410910978158793,0.3727604920294316,4.076562724136597,1.645047693216844,2.6263520321047076,2.358827662316431,3.7121120217190797,4.61159554199193,2.1499859872478653
1.0692934769255473,-0.7235039984967806,-0.510326026202994,-1.5754717074405342,-1.3896332038981765,-0.5066062241356573,-0.7989257627047961,-0.29924012689259566,-0.49543854763140227,0.7868322577736981,3.648343363077858,1.4099705088006595,-0.4554979961051828,0.5220548480215447,-1.0119994634684062,-1.441031247610889,0.0676293919130801,-0.4097895192931934,1.0795731839813287,0.13761424184709461
0.12682536203166178,-0.9025668992888003,-0.8725226009849708,-1.1586704953236797,-0.9980533740149383,1.4945204830113545,-0.6774444208533706,-0.6244870425406721,-0.8342925072763431,0.5234786231255463,0.20872267622445762,-0.1806797563206932,-0.49939033913805325,-0.06602979304613776,-1.2299170263030148,-1.6224719201068318,-0.8561183095824615,-0.9235822617114195,0.38062949125678047,-0.3462007563165223
-0.3303793722123067,0.5802289761631286,-1.5514983685326238,-1.790603998970655,-0.787194290241376,-1.0111208022060318,-0.20932944728438976,-0.3893270169726692,-0.6739701697037866,-1.6759271462135832,2.053452123447211,2.414810440755825,0.5152361066147605,1.6045162557191268,2.6625037671641576,3.016327520263535,4.561222330918016,3.5474990405920037,1.2893977788409439,0.419554832152324
6.624623739319221,4.883136718399264,6.253753637859361,7.9675759610881105,5.7174125703711365,1.4859413628817357,-0.6096064936902358,-0.8910348936364156,-0.36776809539945166,2.7439285116405623,1.2607123277436727,-2.2821937141349617,-1.4854325930241252,-2.453379480419347,-2.162474720313893,-2.8531869441669184,-2.438443406850053,-2.016492436473396,-1.0205942104669798,-2.461007119826283
3.6821144623651367,4.539207934337623,5.292454953633485,3.4886942369537564,5.769211411013086,5.172133375861938,5.197958609118446,5.948091826382931,3.6891216234682047,2.637594696412547,3.9288714351056484,2.8595849084767706,0.438761751619951,-0.8132922631220308,0.693826358752937,2.3186290850689057,0.77098573213804,-0.35345073031252194,-0.2563842295935582,-0.46728656420712156
2.248504858437231,2.2513376521298802,2.0787566526000285,2.1242647406553217,2.2781274512407115,4.850148100688049,2.39683474205108,1.1896279596319126,1.898660707215508,0.596009982131839,0.8560198710344997,0.6099057921169234,0.3482166150349815,-0.0905638005440104,0.3725291702780564,0.7272389891435321,2.0913434285147456,3.2696298268119954,0.7906665274315805,0.4524626016979955
-0.7217118498459638,-1.7548649336336999,-2.339459901366808,-2.333357443931085,-3.0340839249073213,-1.4443665477478316,-1.014929077972848,-1.3084218863440342,-0.7840972910536926,-0.905762293008326,-0.1731590202994549,1.1018599783700294,0.12323650771511564,1.6683890660878609,0.7200598983784324,2.3271876762711687,2.83148909287992,1.7384170213089172,2.847717485452349,1.2087023663329521
-0.1266083112391469,0.1013932828058291,0.08996045285463886,-0.6789899516578316,3.088429669470005,-0.8400154004385811,-1.8464457733181536,-1.5633133592625297,-2.9984083544563345,-1.0273040292957734,2.212212484285785,0.8733454426785701,-0.9289469205915417,-0.1467168960835888,0.35251754959387516,-1.014241929154349,-1.6880888176092592,1.853636330722818,0.1518452288297861,-0.7346507340118867
0.9057198325911301,-0.8362422307423498,-0.556906213064671,-1.183299487960239,-1.8240819863046034,-1.2598343572366104,-2.628779371742446,-2.297647180247853,-1.8597231849706746,0.020213250622056655,-0.2864135800897775,-0.035299216965566454,-0.32687821652058174,0.7972873699010912,-0.12504555125102892,1.095070218130829,0.11916608974531603,0.9249689203585219,2.4243942212244516,-0.14069767024652055
-0.21182613658377214,-1.1831728788661175,-0.6453820573010834,-1.3489813721251418,-2.299997478897328,-1.5782060256758503,-2.247911341794128,-2.059415476431163,-1.420695233339632,-0.2027002076868129,-1.0797000641398866,-0.8303351158391408,-0.4979964380328456,0.09799459667447803,-0.7499616766352348,-0.7622424969610322,1.5256500100995831,0.790989475654335,1.028087329670849,-0.54687294753814
2.4879197707940226,2.1842426273950264,2.2236856189234953,1.028546543926873,0.17652476279589718,1.311079821948714,0.9706441891818849,1.244809310408685,1.9887766939868439,1.2468310273145653,0.01331492963763058,-0.3728434307878214,-0.2380478987233713,-0.6799881993740327,-0.4474206566209988,-0.9949360950835217,1.0835129206399872,-0.7043735973638128,-0.2691726994668145,-0.9178977185980827
0.7570695301938355,-1.1341014707455292,-1.9441985686859422,-2.113395074127397,-0.8004421959186045,-1.3873023317936573,-2.578112061392141,-1.6264603255334193,-2.4025454032726583,-0.39772371140888085,2.2056331918437286,1.3606976213800193,-0.8117970881946809,0.6751998079070777,-0.5240880000715701,-1.4355275172352178,-0.9111382650087512,0.4637344422425154,1.229822011221587,0.21954931847940456
-0.5926216504012237,0.277564636097436,-0.6747113154467336,-1.5115288085616114,-1.5020640299253514,3.340164817737045,7.923148976008353,8.32454942883342,9.00784977906466,1.0105781273781909,5.740590083947846,4.730902380602221,4.396296587666146,1.2892170378427614,1.3467262639511182,2.8598837301763003,4.541544765423679,0.14209049931336637,-0.04644101310014579,1.765526238232088
3.66938284842625,2.3801626643953973,3.559853323211152,1.9109051295501056,1.5223261438263955,1.7795408510766688,1.649736015661949,1.1278414261290735,0.44142255606151215,2.247431725154474,1.1731304701733638,0.15773390773061785,-0.5971010964985103,-0.7247072069252124,-1.3854161140016408,-1.666786494809822,-0.18503339634072197,-1.0189140708564364,1.0991015644469926,-1.2300041809772735
1.772134982501866,0.9744349933446144,-0.23065502280303532,0.7573620811215849,2.4379753667276,1.9413275839617599,-1.2805882751939028,-1.5217712959483565,-1.4870901231568578,-0.6519939884137503,-0.6076244327846594,0.2888087539921558,0.3066898726895639,1.1524896765667985,2.02503421538902,2.285483048914969,1.7472813821246462,1.4296471022542654,4.4015148902197065,3.868099902371155
1.3433717296599366,1.115931331768644,0.305393938886583,-0.026105878911158644,2.5464520604773937,-0.30164756539184895,-0.9399789036171757,-0.5240668520405244,-2.071149104726218,-1.3374997502934265,2.1419620771329106,1.4297662699708245,-0.33502925586655363,0.09199615023155605,1.8617793246056165,1.1569644015575424,0.3399197685536979,2.860318997144759,1.220377623980754,0.07235638775614203
-0.7039844796458519,-1.1468698850929429,-0.9744903347985175,-1.788429046033786,-1.4830741071964544,1.250586397702961,3.1395453907201505,5.666742466211975,3.375556358801752,1.2129874408542474,2.1496192211617573,2.001620275053009,0.40382386061047426,-0.006708776333247421,-1.373119077218181,-1.5972711200117327,0.3668392093769432,-1.4911378030332938,-1.439101156420355,-0.32658074660729247
-0.289546678057023,-0.5043586130755504,-0.3023304256279546,1.4724547701933406,0.04366199806004889,-0.4987923793307004,-0.41434276324911584,0.6241723822906668,0.7998128556452087,0.5795141376632059,3.3142734415834574,0.5595746487631315,-0.6617619221130926,-0.6567423682629363,-1.4781886144050032,-2.307228069574024,-1.6456317972590941,-1.3800964270300262,-1.32890495288968,-1.4101294675343572
1.4203594141214622,1.2989660372623246,2.2132569856645548,1.5537749294338137,2.5923933401412915,-0.13015317898278705,-1.7386158379153684,-1.6277520200664954,-2.3817418927005205,0.8484273599109665,0.02807042385444801,-1.4270965292460704,-1.45194191874418,-1.5087296783182325,-1.9469191469234741,-3.059763990633856,-2.9731759923408867,-1.753982925767907,-1.461293131089136,-1.9922383296851278
0.9920310470552681,-1.714991125270624,-1.0708540464837368,-1.695568568384421,-3.7008805189037464,-1.66789922248397,-3.284299653301111,-2.4932846848690566,-1.4150590943424766,1.3528373027941913,-1.463098651108997,-1.3923160688041518,-0.9244453656923591,0.12437260411612297,-2.5456254397187625,-2.424660131775214,-0.5929602109100998,-1.241980204275816,0.7697274446914341,-1.333387497045157
0.128871705073129,1.6013393240613534,-0.20277931070474434,-0.695200232359912,3.5463279370495866,2.071561580856464,2.438978449680154,4.142709120560054,2.367487626716771,-0.1260727384651128,4.037216911041857,3.505527428256742,0.41275060302821587,0.5652146500329203,1.427118537431191,0.5837306902511011,0.9758239103569033,1.6029617412441028,0.6755651442315024,0.6453117940048456
0.40710987656385494,-0.17250365064598003,-0.7109238029046153,0.2001544997942476,1.5769869052103327,-0.6016001197669919,-0.9364095174801504,-0.8965037102842017,-2.0930618419595266,-0.20471137919384727,2.4264413302855083,0.9108422315986966,-0.9461039462508374,-0.270782827152167,-0.739256621538975,-1.8838607572304609,-1.9708572823085975,-0.6768398069935209,0.22693097516825544,-0.9938628595338687
0.4372118587941184,1.1067817363060264,1.076830360727534,-0.23640561923736655,1.2796238605295656,2.9377538907432967,1.485828088803644,2.3674731665519433,2.784473625933689,0.14266670982290275,3.139742761341573,3.1021986046505017,0.6050239936578216,1.137500751549557,2.1030160255665553,2.196217186626376,2.1725333363436725,2.129514214150703,3.7915054504508583,1.2715591420517287
1.3544069422628044,-0.5874175889102908,-0.9290449208647859,-1.5067897950911306,-1.6875267908885114,2.078026137803166,1.1779316767877357,2.1982120634241573,2.8803951608597864,0.8156168212929591,2.134896991775359,2.61533258740249,0.607572794721515,1.3486522179992906,0.6119150663569912,1.6613514244227625,2.079109008644657,1.0240601084024834,2.9490781660715917,0.9169884986554241
2.422963231287616,2.2795853395161165,3.7347865270945406,2.409087839036331,2.940171574443037,2.1816124763689815,1.907130375038339,1.4433824023868724,0.23992711816513268,1.7578390682041065,0.9664393195010924,-0.539708907233249,-0.7214033659926298,-1.4794601570631993,-1.5554255866536846,-2.216917185822662,-1.6069725499749636,-1.7584493391547096,-1.4116896584644643,-0.9179230794044445
0.45300885412312536,0.46236685295088537,-0.3538024043062197,-0.7186081713702642,1.4260781045150859,3.331337157769686,0.38790946333433574,1.5192345778141914,0.5400777635910322,0.08883186259838041,2.2420677089622543,1.5262612520679038,-0.08036990376750643,0.37949512394599255,1.3186724568972932,-0.6331739869626618,-0.21593111618571129,-0.25651478716218395,0.16855576772156822,-0.07846795776635747
-0.312853208152039,-1.5790122558139084,-2.112272602170068,-2.35884512810766,-1.28213357357137,-1.6525285678072374,-2.5897371991152496,-1.5817503250261495,-2.2796717728486144,-0.23086053514175997,1.9247143539547236,1.0046656708972719,-0.9133992195941772,0.4269062622481341,-1.1028816766254386,-2.001532242854727,-1.3431793636754377,-0.2511670561044854,0.38889548964248366,-0.49300678710711904
-0.2718577614415563,-0.7100735653534257,-0.9496435665388274,-0.7284966869618159,-0.7320045707117614,0.9363389433917326,1.6638071312474738,2.842224081527451,3.3313727831715996,0.3700119224053343,2.3904319674296692,2.1282774159394715,0.35034469248069916,0.3906318754245767,0.7091802921282292,-0.6005196068675006,0.8118128774050755,-0.30191751458758653,-0.18719837657671387,0.38020580494479606
2.2022677535033477,0.375344193539826,2.5323986530107194,0.8129422420712585,0.05587252421855177,1.4938627553667467,-0.07465297467022008,1.0749611937105459,2.885066597644846,1.7773314326011511,1.0825280244316982,1.3797667935959004,-0.3901002191165601,-0.31562827269776833,-1.2309112765835537,-1.4916790853374393,0.2995167602912955,-0.7146930833809967,1.1064844470901307,-1.154569387237035
2.338187684546585,0.7485277357014277,0.6915813314394788,-0.3510633806081786,-1.6906547063725585,-0.07768911946129185,-1.5650041543661388,-0.7362544592949098,1.1806822764126612,1.4520405192608237,-0.024271787053001776,-0.0064067231556889015,-0.4448600448928272,0.26382631530939377,-1.2466072327191842,-1.2764205373245079,0.8979117651925254,0.6808413024668604,1.6690809931275674,-0.8086431619763481
4.7538334731413645,4.446004593200795,5.34060577825972,3.4682693710889634,3.5647403628453014,4.3502974413695,2.872844515453432,4.093317118491452,4.177751011299408,1.894271687692812,2.320894697078919,2.0314791855373766,0.5201270322320657,0.10436832720358001,1.6676994710535038,2.1238743216948754,2.822214864417711,1.4491982804576395,3.933232259848243,0.5390102979882685
1.1901613835654958,2.726387331692451,4.921846846282305,3.019503417668426,3.9800879505783135,1.9920698672786428,-0.5515531226611221,-0.2173861107337634,-0.013222152697054141,2.0398435343452865,-0.03093249145078536,-0.044375086265112225,-0.9578234782108617,-1.3816775474780192,-0.9469063538692359,-2.033789946214958,-1.2664438214937521,-1.4254113454237691,-0.41769910038361646,-1.6316124472214955
3.175032686400992,2.7460967012545634,1.8391984617124792,0.826068956667102,0.18130618039784846,0.16750157951390773,-0.03174391062689745,-0.26311367616370224,0.35967477696374334,0.10572121015190383,0.4943612522146799,1.2351948937125103,0.3580779135076116,2.0009812729557357,1.683557177617673,2.4958242087313467,4.7517152799521725,1.884840173397105,1.3399181901020298,0.7449927227117711
-1.3747438100255125,-1.5819333804141793,-2.4816253720726373,-2.3531721064017312,-0.46233237881250383,-0.8547504126060033,-1.9213442213631864,-1.1962611538810304,-2.5145513995180417,-0.9325089845989538,2.3088067072762666,1.2453463396728814,-0.7356992598586245,0.33319211193319287,-0.288818231242697,-1.6090357798263277,-1.7108663056685547,-0.4714019729318433,-0.146393534534737,0.22272618134402183
1.8299303315490125,-1.098107311892008,-0.7845007798789765,-1.555524133516684,-3.1520261849066866,-0.24630367828439523,0.12454112344740435,0.9514007451568011,2.377231341628907,1.541733335700461,0.3922700067004731,0.8739888317204898,0.027166930435888335,0.6923788025065942,-1.385802076729976,-1.1287623951787138,1.556666576987717,-0.3735653642168252,1.9470921014049358,-0.4579533969500259
1.660047726848001,1.4980263980206567,3.355524861011524,1.5547950928242567,0.6667932059278836,1.2774356890808662,-0.4336455885446009,1.1022320432558772,0.6938004635802344,2.0581107567844614,-0.18154931229535345,-0.9135035770236697,-0.772510600267352,-0.6897086854382,-1.9401384728857174,-2.2707676429946924,-0.8450610019242359,-0.946662398731239,-0.5662585066834076,-1.6479347838032932
-0.6375503894892448,0.15192323508031427,-0.965161281555075,-1.4839564308154005,0.060574749865319535,0.01353469344374531,1.5911881544888002,2.0077016121490856,0.6363460531293881,-0.012161167547439875,2.674082269758846,1.8089845634095374,-0.1404240728782228,-0.021386877833924945,-0.5335363591750556,-1.2728225721408093,-0.38826406661603663,-0.3491368678630419,-0.9537489172666598,-0.29355258871728646
-0.2807041819753368,-0.9153266263556484,-2.14942855958643,-1.3348035733120844,-1.0511354743938657,-0.19356563544978658,1.5511018586479655,0.8703351410227599,0.35853243537067897,-0.8266399872185537,7.183405145511238,4.953997061920425,0.7553615618265866,1.9086119697766064,2.2052329321144626,2.497969156350834,2.4926033607637015,2.0998090129456637,2.498668239266703,1.483702582894441
4.388806484414891,3.9796834230326477,5.836528515831922,3.5608473386343196,3.6885446226350265,3.657800931058858,2.1161434700610915,2.9156157006188,3.015477782759439,2.686160496573005,1.8939060598316737,0.5497103968643912,-0.45504038031730165,-1.2777919702362583,-0.5832317715203627,-0.7729284348695363,-0.04025050263013095,-1.1388255224331607,-0.23376707711461447,-1.4784783182576564
-0.46635633224925804,-0.9946750805732603,-0.7378261523839519,-1.5491454037709846,-0.19856137744339072,-1.5136820489988436,-2.3778911619811223,-1.6100652615077196,-2.6381514449163075,0.020569624411883272,1.6894764124136958,-0.09289870025699318,-1.3098893610458928,-0.5072698355179359,-1.7476580742591843,-3.023770590643189,-2.619988464973245,-1.344465174041585,-1.050356180662372,-1.680440271336367
1.7919222620544089,2.615417552782352,0.9647630118008571,1.2542292996589803,2.116665191043691,1.1711045776150477,-0.5718103669335836,-1.0464299645207926,-1.2923160240815557,-0.7348905005371065,-0.13650903172886614,0.09572358332981767,1.4765576590476945,0.7724193199954321,2.1733545216281622,2.6126765992266763,1.5815700450276677,1.9506928616502466,2.3049969536178545,3.9792291488416525
2.5744723003370495,6.017013643534432,2.258429536928377,1.6165696826024643,3.824901795817393,2.2949559539606406,1.819633282274141,1.3100898864411805,-0.2167268913213298,0.6890335488697843,1.9693580046776615,0.743409105963024,-0.33353675391626175,-0.8967766748788221,-0.02425651361082178,-0.8835567889192744,-0.9790714627388638,-0.6565074379774354,-0.6162524618436652,0.9721328733619895
0.5662156940998806,-0.9203246449412802,0.06924673059138622,-0.3148440879191571,-1.692149783647325,-0.5479115260511522,-2.1436350336428425,-1.7572127015713588,-1.3536754631541137,2.6852192018241237,-1.4349994288582628,-1.8996260966034308,-1.1189316574022021,-0.8876603959227408,-2.8002589922833496,-3.1155875873020453,-1.9380601934074633,-2.074379166140176,-1.0785494340344053,-1.8168943683464829
-1.5648862341446736,-1.2833877197391275,-1.7195166466383967,-1.910637429854342,0.4968148564182697,-0.9926458226882129,-0.22681395940618562,0.6455131337121017,0.11524206990061822,-0.3984016158420079,2.8269577080898545,1.4082720187868871,-0.6895364816285802,-0.3727816977676948,-1.150617976506724,-2.4115546271768653,-2.0733944863826523,-1.2214089810993898,-1.6788197639523494,-1.222322025418733
-0.14995131247448348,-1.5239561130091932,-1.133665411831363,-1.9834306379823776,-2.3411952910679146,-0.49579067173746116,-0.23032966082236772,1.9514694598284967,3.4555418879561657,2.0908919397151218,1.733472462116219,1.2816805275448908,-0.32338106143601186,0.034928278091916044,-2.1167619458214926,-2.5180720531536744,-0.2598112524896382,-1.4697151010718945,-0.7460707901591412,-1.346538735691266
1.6769009503611272,0.5371891497053274,0.033230927535780795,-0.5320943278286265,0.6426629376754311,5.276220185690235,2.9198693057538168,4.2375912801221025,4.168104852499435,1.2627402966108856,2.7191606736124108,2.4751637062531398,0.5792904909204826,0.3133988160317323,-0.06941732318872341,-0.12117437529926035,1.970135040924933,-0.3756674759582275,0.5230227393285087,0.21039131729304938
-1.103241058914183,-1.8131752447223106,-1.8583596398424063,-1.906454218374961,-1.9831144670979834,-2.0618733812745402,-2.658384698223187,-2.3609621925402355,-2.4795715137526546,-0.5301786166779248,-0.6839139939835089,-0.8552725992196699,-0.8484282611936063,-0.0386171935382873,-0.7613824012016291,-1.7407992359821076,-1.4180141456763944,-0.3930268626828095,-0.3062014120647901,-0.9328887165362999
3.293590682822145,2.5518009875817307,3.7883842835695227,2.3059350509434626,2.2364802901740966,2.6860192402933056,1.5824921407174668,1.9643965743561314,4.29763795472348,2.2107067429661313,1.5061436435593296,0.6833420926298125,-0.2721545110131432,-0.7712301238479914,-1.0433531291747375,-1.422455261139282,0.403976511341827,-0.4692163245193605,0.7664402768260413,-1.1688297965367525
1.9696827917948105,0.13469709660542034,1.120048364750784,-0.41884625627198663,-0.6349569195276018,-0.6202230652225438,-2.3325613534868923,-1.6192667479190985,-1.525076085458171,1.0599911551834011,0.7388777138807202,-0.04482113992923771,-0.9722316197324476,-0.05947214103814358,-1.3440101803964248,-0.9657283635758667,-0.6787578532377493,-0.5749544305577514,1.0023170492696043,-1.2521504654299258
2.5720825918168737,1.541654632643868,2.2228657495133395,0.06980834015929796,1.0694872904962958,2.570109333787345,1.8461031177519027,4.052853131608547,2.4045833072342977,2.04975401832472,0.9113501875023087,1.4916502442454813,-0.17461661186947317,-0.3284185557315266,-1.2573270024320657,-1.7114087226023769,0.2637043825514764,-1.1091071950956637,-0.0052387969212219065,0.5034146286066984
0.8004960802504164,0.592009294673886,-0.9864068492562592,-1.0766636519892605,2.1920321005309895,3.1054052425435565,0.8471095617579942,2.415412428775794,0.4803117199483389,-1.1723120944154473,3.5182255260529764,3.59407813953889,0.6835668742825066,1.3849028377264074,3.499229128397757,4.321886931220101,1.8705836955610053,1.7972387713045008,1.934931827091387,1.566701388875608
1.362369639511339,1.8287716881509781,2.0898265745910876,2.9693194121352215,2.1335172298098044,1.8177897209562608,2.5138249175197935,4.258078694319136,3.2316082814811775,1.4330948338480942,1.3765299548197896,1.3802684867673742,0.20071823160542265,-0.45714852016912655,-0.5305746249850216,-0.9028985047064361,0.20340575683721634,-0.7919812376955854,-0.3524001361206611,2.149881131811676
2.865389547611489,2.049588105043612,3.6596137111520357,2.235606946616499,1.7488858979695496,0.95127722810167,-1.346788369287299,-1.1869711002696424,-1.1385586605425242,1.8685848510704564,-0.6143505284896817,-1.0009446777792064,-1.2500345060702658,-1.4443840888967254,-2.1614693722715117,-2.7198433925740733,-1.914619695641396,-1.7562352723192816,-0.8305965443923992,-1.9964190476405397
5.287237469127892,5.150656005550135,7.426763285161282,4.5219827457172865,1.7917373911758627,1.388321737319688,1.0864810640517717,1.9872733151050266,5.418007997531548,3.8582962447390186,-0.7766328927386986,-1.3247693281982624,-0.518365929250419,-1.5617320159050503,-2.064216811636193,-1.8188002068290345,0.852700984951309,-1.3541640400701282,1.0424396176152246,-2.003905551297154
1.3836152914583129,-1.1119090188644407,-0.05053790612240508,-1.1150473777946668,-2.785494458452219,-1.0413541398589887,-2.2721997493589203,-0.8746929534183452,-0.6787884262185451,1.7336611926540708,-1.0056045450258724,-1.2143370167461172,-0.9016866891239754,-0.2808887742213196,-2.727029539280105,-2.742814665836435,-0.8132442239724925,-1.6635314283853682,-0.08944921236914127,-1.6047559325965977
2.9562962983353436,1.2964258459775952,2.773018547924618,0.257224602526925,-0.013376735045891394,0.9641100543218138,0.061717900618677,-0.37655374159028376,-0.14293793183243064,2.000862035030257,-0.4555362527498463,-1.175987837109629,-0.8432772783688738,-0.9701329605181588,-2.1347992702827128,-2.359545838118271,-0.54719787398085,-1.6345175993427643,-0.6175534574704342,-1.7027385721295503
-0.4570174381235882,-0.04768737603590598,-1.3542665005946972,0.09584170472467386,1.846615612793115,0.015379028552842344,-0.0038616251508427645,1.3691940263675222,-0.698042703264989,-1.512167325742861,3.344589868769013,2.8666111824224285,0.3357910636661501,1.2604757862016187,2.555200480996239,2.190169786524778,1.0262258998996943,3.644685703825686,2.0854510167518545,1.4394147638262953
-1.1377413025240763,-1.247089060108328,-3.060334897677149,-2.6783416772278494,-0.41559811188480206,-0.41957518738577865,-0.1320858480736366,-0.43078860927556073,-1.7362045095641545,-1.7633257719451352,1.34090834993642,3.0288326453417915,0.2362886688685505,1.77662473839759,2.18848757702937,1.7995885023655902,0.9822642406149747,2.252127103053506,2.478671102492949,3.145688758289991
1.41210917221502,0.008827130434979404,-0.017614490070807017,0.7070738653286199,-0.27687375964310934,1.7659076613903988,1.8094456602517566,3.581327907602022,4.53041022598904,1.4985328985077004,1.0360132799947823,2.037094572210837,0.9612820954568848,0.7206029400149954,0.3333444716970269,2.5545081055759704,3.343998092442758,0.7476601251579099,2.4530120526352324,0.9812638897422252
0.7856709727449083,-1.4695778681444136,-1.3582566754503969,-2.1016874407776425,-2.126907044597568,-1.4312091927048172,-2.8981409694676183,-1.612417737612381,-1.6500373759960363,0.9490359635940399,1.2051203135010802,0.31540113425306165,-1.1390540756809295,0.12848291506536608,-2.2221956919271797,-2.8806398498958097,-1.2763697261773352,-1.2028685982964336,0.1263687814729725,-1.5117237295237538
4.045754744081306,0.8931484487103891,1.0425071941040018,0.19754006388371445,-0.8240067587072181,2.7821877658394354,3.1557420665727407,5.351358110280323,6.614547567868051,2.539742739282321,1.679085591431453,1.1167847046564938,0.48960333722224186,-0.16776348326632343,-0.8507276391104601,-1.350526414212885,1.766823402646347,-1.191889851808856,-0.33073205268386036,-0.7723123665820569
2.014437856425955,3.202431105169858,1.8454991941215555,1.1307913201372,2.7659106646741396,1.9462087793310825,1.4856161722092422,1.9221076016412693,0.967705805116711,-0.025492703680617367,3.474799565075044,2.6037947810985846,0.09037058606057957,0.36320578537882,1.8710050068541404,0.7123293845904504,1.0573974823700907,2.6727625706127687,1.5846784620498189,0.8693568686376163
-0.08240249621509005,-0.10035546744010736,-0.42015594362983716,-0.47277053269005737,1.5335330114123429,-0.4698027761063396,-0.6654457297250996,-0.5101913159850243,-1.831682684591936,-0.3774418978590589,2.9378919375230734,1.386789793721862,-0.5501148108111918,-0.12489047076978606,0.662600395930718,-1.5001428662215281,-1.6110280543741662,-0.4733592477861367,-0.31911288906918117,-0.8771723762720235
0.7933487293982541,-1.2576423389015494,-1.6353396889703742,-2.040480137589354,-1.7538427234286378,-1.4655883926012847,-3.2304303293053875,-2.2554148463083408,-2.360054096754879,0.04679928846773195,0.701961865120207,0.19490057718484255,-0.8056633473602917,0.861697457207668,-0.6562582622054454,0.05403897167802898,-0.20544185865796522,0.39648666094931495,2.100749373609922,-0.5163360705473263
2.5571349794455807,1.8905803603999929,2.3804314165615192,-0.0055964936105374384,0.255902289419097,3.4109922634526892,3.614175745042644,4.877113872937008,4.640739982712324,1.4028487120079651,3.851084651220208,3.599483067521136,0.7872584028287453,0.7670166416446891,1.3164656427127812,2.7513210181941536,2.913028573051906,0.6836247683473334,1.8163918862923616,0.4861560922910425
-0.6451111207966871,-1.8805089795215006,-2.9967421579590323,-3.0188170843406974,-2.5165789270369423,-1.1847404040557354,-1.375294308105927,0.27386488279128235,-0.48396310097603096,-0.9290289329160871,2.1632972187125197,3.9249845035508564,0.43107647412357875,2.114083976362184,1.5992041339291156,2.0420320652362407,2.2868825059125397,1.7743408414530824,3.6850430573924395,1.4791704546818856
1.555562594467103,1.208649624063442,2.04540471536239,0.13159268161950513,2.3367441642169764,-0.12017580267783441,-1.8163766798554104,-1.1807314603031476,-2.247713589531319,0.8383558900812287,1.8805458057393736,-0.15245000255709928,-1.5144111734627734,-1.123656745143817,-1.7876272772043205,-3.1937568005300982,-2.7768881859590446,-1.523891615438256,-1.0627537746409808,-2.0410195956040673
1.1881027588704807,0.9541038144065732,2.3043282639245204,1.6818575117378174,3.5691246177736318,3.626964621429059,2.3413995223927753,3.087338986670719,1.8053223036630994,0.9658990234988657,3.079753109454511,1.4601041587126156,-0.3648541093892913,-0.9618784609096317,-0.6024556978908311,-1.711219742789653,-1.2881581823953578,-0.6489124521371303,-1.262351469842116,-0.5687859908566154
-0.08116998214880577,-1.6076539214450423,-1.0078987838000548,-1.5413732555243242,-2.831733240797006,-0.5131980601236752,-1.5585093943283925,-0.4300834310355759,0.458882371136689,1.1940134955785944,-0.8639306310601239,-0.9053548152339594,-0.5882288901972793,-0.13705008739079458,-2.253368790508289,-2.308762667625478,-0.6672442781167942,-1.4565325833026757,-0.2005389033375219,-1.2045212258628237
-0.8545040860553077,-1.0383964187655454,-1.3335915156671156,-1.5167826552226589,0.10913773633221664,-0.7454224776866155,-0.5631726838071396,0.7688991408896784,-0.3532861920197132,-0.3115934926572597,1.015246561897215,0.8798041222389615,-0.16098294332957847,0.4808125359499953,0.3312103632095282,-0.5743589093510273,1.0369541270868887,-0.1855369296461645,-0.13800315686712897,-0.2622469272794799
2.2532784984580205,0.9896238963246686,1.3871555878831194,0.00781615448356941,-0.11768147929042257,3.6861022235651135,3.099857836187625,5.212120830719779,3.697678830514876,2.096453138146343,2.14714195549004,1.9920718272599802,0.4288540767953096,0.04703935416742494,-0.45646012957575366,-0.3385162899555931,1.589022206481031,-0.8535482064520153,0.16098524852051452,-0.37193764464316365
-1.6249463498288916,-1.812370486034405,-2.55690076297721,-2.6174221585657067,-0.9086239731517577,-1.6282394918097896,-1.373454208655122,-0.14355969003852576,-0.7910378657379361,-0.797084252593947,3.2672897905703735,1.8072899484019023,-0.6011579028155118,0.3845144913191592,-0.6099006823035465,-1.7073622049939923,-1.329855737199368,0.2936524816705473,-0.5342808676910697,-0.8241692980008846
2.892851401482222,2.3631638273027233,3.7627120727756873,1.8274330065641105,3.2183149692178077,1.7553296390175617,0.6086692467842036,0.19046687888897665,1.5830276985933138,1.5976574974478936,-0.3147410349329712,-1.4254329955510951,-0.7641898343276546,-1.608410261703821,-0.9168029977968991,-1.9881391867495755,-1.421745374785535,-1.6082916855685638,-1.415452069047047,-1.6145966991434575
2.2158521834449414,1.0334303195614476,1.5409513293795785,1.1798660089375501,0.808955453822379,1.3864808838954936,0.41175513167800415,1.0534080957729781,1.0182565645098203,1.2872008148327596,1.6080041560806637,0.9734762895217359,-0.3037627842555484,-0.0907814690104253,-0.6458657859394049,0.1453293961040561,0.27169485389638226,-0.4028966123169207,0.8128299636901841,-0.7067153287409792
-0.0641577107570379,-1.4260253679751989,-1.9546250019388833,-2.457322748932515,-1.9647665415660915,-0.2853904601831397,-0.81480485469083,1.148631114755424,2.074069147033962,-0.1384880730447316,2.616756674158875,2.5933893876642813,0.07004938085983238,1.2468671747180202,0.005920460063591348,-0.6007151781300187,1.400619733869033,1.7541388135969371,1.8189720719393885,0.43729325326238555
2.3055516029927143,1.4032706629776397,2.248014858151117,1.063778332058229,1.4074673481677231,1.3361885785702277,0.29860638127893563,0.9318984050232368,0.1152389944751682,1.7984890867709298,1.352718225576643,-0.03631908237893233,-0.8963754595597543,-1.0043820193292576,-1.947165574719229,-2.6682373130816517,-1.4376812546007842,-1.6916345053177273,-0.8557803319458064,-1.6944540142658056
