0,1,2,3,4,5,6,7,8,9,10,11,12,13,14,15,16,17,18,19
0.0,0.0,0.0,0.9999998699901713,0.9266235036773274,0.7026621187994596,0.46014217893974313,0.5510873485575383,0.3196491018202103,0.9999758576368596,0.8636402956450049,0.6540184039390916,0.9243049180056732,0.9900995781076597,0.6823421072801684,0.3234428720183644,0.9972499276483531,0.0,0.9999999999998603,0.8005574723537575
0.6164849921230892,0.5722751284567882,0.45658422001891935,0.5793363708635515,0.5897231810201173,0.6446725419060847,0.0,0.7924170184703156,0.0,0.0,0.876241048454532,0.9668476527126874,0.8567238586201364,0.0,0.7272561449214058,0.7128985082081892,0.828107603905495,0.773186369647837,0.0,0.0
0.9999988634858863,0.0,0.9999999916442327,0.0,0.0,0.0,0.0,0.6367953798445923,0.5930235830045133,0.9972597757857202,0.6963629734101006,0.613358015718084,0.7224727308644933,0.7188945616606679,0.6455695228060266,0.0,0.6301826802687923,0.6675152775274695,0.0,0.6655380930882598
1.0,0.0,0.0,0.9999999999977365,0.9995470354024358,0.0,0.58724464615314,0.6702982011662734,0.5186425813021386,0.9999959210974113,0.9113056073737673,0.7694166442054539,0.9510923212586442,0.9878965880567496,0.0,0.0,0.9999646271567196,0.987830697895211,0.0,0.8701508046890191
0.0,0.0,0.0,0.9999970870611368,0.9996594032388789,0.0,0.0,0.9999999999835223,0.0,0.9999914708549609,0.9999933806589106,0.0,0.9949233967677672,0.9984129529166859,0.0,0.0,1.0,0.9999073339933927,0.9999999999999911,0.0
0.0,0.0,0.0,0.5152139408929091,0.0,0.0,0.4260753918860504,0.5346884101844454,0.5514746723325843,0.9500408271608639,0.9903161683718293,0.9109984761890639,0.8049975370204837,0.7694037359387581,0.6487759193803055,0.5872250801620941,0.6109587084503141,0.4922516795116871,0.6428051451964718,0.558213070114583
0.0,0.6538461263084027,0.15280387738906936,0.6365207854398559,0.7140564869325322,0.0,0.47863402230845353,0.0,0.5591763337659331,0.9685374641638074,0.999975832187625,0.9999999712175908,0.9856063871745926,0.9999812578471586,0.0,0.9999995316589516,0.0,0.9999825673550693,0.9999999999999623,0.0
0.9999999999836917,0.0,1.0,0.0,1.0,0.9997109205552293,0.5363196247807585,0.7578587477838411,0.0,0.9999976301099316,0.9961222813031811,0.8976960827519929,0.899084469154817,0.8945281667728944,0.6264181247796414,0.41653504526449814,0.7136045099605629,0.5835535968153769,0.6652107607160731,0.5891063715620625
0.0,0.0,0.4047356303993609,0.45837945535209007,0.9988596699540054,0.0,0.0,0.0,0.521674679738783,0.9921177657704526,0.9999999999999973,0.9999287831641395,0.9501628743633964,0.9638230760773787,0.7603952502934144,0.5282170931647872,0.7637309609529521,0.0,0.7676780058791155,0.6262477005502489
0.0,0.9999987754228398,0.9999999999999978,0.0,1.0,0.9995306742516191,0.46511202902526677,0.0,0.0,0.9999939356743114,0.9989709838307206,0.9250345924994583,0.9194244021295406,0.9219238098949256,0.6540908037839854,0.4083843578930592,0.7389181384463027,0.0,0.7381289730902955,0.6065905538736429
0.9853633678687918,0.991720447052579,0.0,0.0,0.0,0.9866539029379764,0.0,0.655252036943097,0.5551150565672647,0.9638539486023897,1.0,0.9999999999994948,0.9753741768730355,0.9982488320797787,0.0,0.0,0.9938105839546273,0.9999999992378068,0.0,0.9996241548226297
0.8768478774402981,0.0,0.6529386537966768,0.4221675537806781,0.0,0.7053925531544535,0.34281917409471324,0.48086226129464366,0.5342405135075596,0.9531127736476647,0.0,0.98525822743452,0.869459417754722,0.8553864086274964,0.7420537000941295,0.6314405899049315,0.6530950591073035,0.5151773099690902,0.0,0.5774733107707027
0.836372230304705,0.6419864391053443,0.3011178704310182,0.5082601066024885,0.6830356405260665,0.0,0.3605902440258242,0.5591385455720401,0.47434971934288866,0.0,0.0,0.9879093389022928,0.9199101043003282,0.96185679602035,0.6621865853218887,0.4563473073040831,0.7344171407533655,0.6002005562901629,0.7400150833642652,0.6332108546059094
1.0,0.0,0.0,0.0,1.0,0.9999903461307835,0.0,0.6190852991108156,0.5110028085678742,0.0,0.9099551954005821,0.8125614929472869,0.8684494855023958,0.8687401062334426,0.6253970659706282,0.42335917190957145,0.6930969529265893,0.6122150273312917,0.6886469549610718,0.5982472309369387
0.0,0.0,0.0,0.9996112718649554,0.0,0.0,0.0,0.9999999999716682,0.0,0.9999999990738293,0.0,0.9995385280551033,0.9726054988591317,0.9784591856671793,0.6512750150237803,0.2946998931462401,0.0,0.6862240218856844,0.7115619947263844,0.6505743709597377
0.9992104350879953,0.8398896246943347,0.0,0.8593247268267583,0.8188132078298618,0.0,0.9995530615603839,0.0,1.0,0.9999903867477978,0.9999026053379079,0.9989506982731079,0.9655194726310616,0.9772511664403015,0.0,0.39164558110578856,0.9961249953459503,0.7835361592248969,0.7886674048269329,0.7610723699416047
0.8418143933670189,0.7197264577954021,0.594356582056875,0.0,0.0,0.7047850705641228,0.3147773238412508,0.4620673196924474,0.5317976810526318,0.947477541259611,0.0,0.9929312028947406,0.0,0.0,0.0,0.6560316222119057,0.6578068114899688,0.5365695486211427,0.7880775026210188,0.0
0.8894196001179908,0.0,0.19876090593954093,0.613552305440331,0.6889405987960208,0.6987588373802461,0.0,0.7186844698537646,0.5960258719225651,0.9524364082160875,0.999998418726906,0.99999999926277,0.9861085876307127,0.999989692467987,0.0,0.0,0.9999999991030186,0.9999997944378746,0.9999999999998426,0.9997742251449968
1.0,1.0,1.0,0.0,0.0,0.0,0.9999245916259736,0.9999999991006956,0.9979836345685474,0.9999995888271057,0.0,0.9946734661007569,0.9427702234275992,0.9010738319094478,0.7046497695889415,0.48212208523849875,0.7388232243177714,0.49017475603433797,0.6604472061625106,0.5693767778954499
0.0,0.8346001239391585,0.3119642866416532,0.4940396505103145,0.0,0.0,0.0,0.0,0.0,0.974712953336714,1.0,0.0,0.9966235718121821,0.0,0.0,0.0,0.9999999896305439,0.0,0.9999767420010994,0.9999710068348511
0.7938925800721314,0.6436575742247918,0.3835352536811857,0.6315750539048579,0.706052569696486,0.0,0.6596160562914193,0.0,0.0,0.9974759106876796,0.9988626127312733,0.970003795798429,0.896186126398439,0.9205966795061197,0.6158322122092429,0.4443489069325629,0.7470583525592752,0.6240289524165059,0.6545950510912191,0.6553579278822106
0.9993215186101316,0.996418824035101,0.0,0.7133970862912548,0.0,0.0,0.0,0.0,0.0,0.9995138219761934,1.0,1.0,0.995692940186442,0.9976307340895004,0.997897677756839,0.0,0.0,0.0,0.9841021906617822,0.8495527291558381
0.7640915691997937,0.5828162070148205,0.15644393304987095,0.6248425569642369,0.6521331552601697,0.5939364499155163,0.49256978414212793,0.6672829484119644,0.0,0.9091974225097852,0.9999327003010803,0.9999999999999973,0.0,0.9999999999916172,0.9999999999999987,0.0,0.0,0.0,0.0,0.0
0.0,0.6146035985073975,0.048541136865528904,0.7791575339483271,0.0,0.0,0.42904830552521794,0.0,0.0,0.0,0.9974055018714011,0.0,0.9809802348865557,0.9995494325360217,0.6837647082543422,0.2601956210713484,0.0,0.9364269409192217,0.0,0.0
0.9989975382098358,0.0,0.0,0.0,0.9985986414945777,0.9989962632222525,0.9722035916759346,0.9832220259691253,0.0,0.9363011387312106,0.0,0.9999987123258153,0.9766581062831708,0.9941750847072499,0.0,0.0,0.9999999887370928,0.0,0.0,0.0
0.9999999882460285,0.9980330662544611,0.0,0.9987159593103303,0.980485372891423,0.0,0.48160220883745003,0.5703477405015982,0.45301481289768736,0.9920055555784427,0.9231210734621553,0.8830222943750746,0.9196027451493453,0.9802828651838027,0.0,0.0,0.0,0.0,0.0,0.8303228413151303
0.9999999974874654,0.9999778520911491,0.0,0.9999862517094937,0.0,0.9999999992785249,0.0,0.0,0.0,0.9999989843551907,0.9999963807950961,0.9990253635220293,0.9635180788385574,0.962377279571513,0.0,0.42567146422657315,0.0,0.781238884994655,0.8170164068828818,0.720274038343707
0.0,0.0,0.636722755637255,0.7882313033079813,0.0,0.6801046883443306,0.4812319491477451,0.5552378555818952,0.5022065745512505,0.9853734488275517,0.7837305597832716,0.7433538258962369,0.0,0.830018298089232,0.591669952683374,0.4754888707790974,0.6358255398076249,0.610135441029398,0.6734217957887173,0.6267637649326417
0.999999924593545,0.8070143898861333,0.0,0.0,0.0,0.6793027037396266,0.3373427999379357,0.5421978757146061,0.3360539764044404,0.9999325038917376,0.9918867612318608,0.951687997889782,0.0,0.9944268759445904,0.0,0.26269130236722954,0.9026409020548745,0.8424307637952797,0.9995645213660128,0.7415654045305242
0.9999998607878174,0.999879167385804,0.0,0.9949006945320514,0.9999999850381829,0.0,0.0,0.9999999994367645,0.9999991350032836,0.9999939476727322,0.0,0.9999943867585755,0.9767160934940575,0.0,0.748973745454195,0.0,0.9045357587410234,0.6766790377172514,0.7918387727894136,0.6747462283481189
0.9999881160599882,0.9999841993302333,0.0,0.0,0.9999999999999996,0.0,0.0,0.0,0.0,0.9999644407830123,0.912941888992504,0.7742125487728668,0.7830345599938275,0.7113053500581312,0.6004423262019786,0.5200916875368049,0.616681408018984,0.5438002788681187,0.5899954945385609,0.5882279414426693
0.911254429026195,0.6028730488931505,0.07553578336926409,0.7152768874477,0.7262777017164994,0.7211293690243457,0.0,0.0,0.0,0.9989661852029132,0.9999997999446044,0.9999999998177447,0.9913649301115274,0.9998729966557187,0.8118217961415103,0.0,0.9999999995294782,0.0,0.9999627579926373,0.9258718532774592
0.9999999393132232,0.0,0.0,0.8909755664160602,0.8731119922121252,0.9491492849640313,0.4983529411722402,0.9891581238710485,0.0,0.9999996832808622,0.999926064799425,0.9941153353865793,0.9710162805588025,0.990022699233162,0.6367131411581753,0.25577959333353995,0.9403154861348876,0.0,0.0,0.7060924437240719
0.7801826795158402,0.6215773747034409,0.34529733551263303,0.3853713557168994,0.5817935542058058,0.6716927301150457,0.38280258716227805,0.6284959060899508,0.5396467909710015,0.9452008603897918,0.0,1.0,0.9776766311768951,0.9999837464186098,0.9999333974320032,0.9996574460901788,0.9873999070663672,0.0,0.9999234012535824,0.0
0.9979091041173236,0.0,0.9999090494543786,0.9906021750837386,0.0,0.9999887971609202,0.9998135290580412,0.0,0.9999812797891575,0.9999247665774241,0.0,0.998278522468497,0.9229250198266308,0.870103347205329,0.6689183816647825,0.5096108985424774,0.7173777486671314,0.4959078275208479,0.6267186937318032,0.5783255215460309
0.7806153615945923,0.6144087471238279,0.2859858515613745,0.46355883336251325,0.5999520175244244,0.6214088179594857,0.3512103646173466,0.4857320480683493,0.4563267689613249,0.9127090552552773,0.9999987392650606,0.9999999999994953,0.9821606190222418,0.9999999999706242,0.0,0.0,0.9999999999480478,1.0,0.0,0.9999999998324991
0.9040490665185198,0.0,0.5603171890558157,0.5913388112499928,0.0,0.9999305296568808,0.999999017565832,0.0,0.0,0.9993312433923361,0.9999999999999998,0.9999969972948076,0.9486021442039696,0.9181325025520404,0.6810355036143114,0.5043575939924387,0.7683646714354704,0.5302716241715438,0.6311027595372208,0.6524530647275486
0.7247990934676879,0.6250664423329187,0.46887513536872755,0.4612844209363385,0.608411795990547,0.0,0.5095151893969663,0.0,0.5997319956297114,0.8551605891963122,0.9999874634010884,0.9999950606273563,0.932025689034563,0.9980287976646736,0.0,0.9990864081702575,0.9741005349511463,0.9984549220091345,0.0,0.0
0.7377852358530398,0.0,0.4506098914198775,0.6573315562254786,0.666352233040523,0.0,0.587469729603325,0.6046165263542506,0.559203572545381,0.7506280210971401,0.7907329195963495,0.8983182219212595,0.0,0.9928200722455202,0.0,0.0,0.0,0.0,0.0,0.0
0.0,0.0,0.9999149273329413,0.0,1.0,0.8968822052579003,0.38837675156868806,0.5270429428717318,0.48806145072771595,0.9934045790211178,0.0,0.9605140832940078,0.9007893046754277,0.0,0.7604269645383934,0.556026352777559,0.7214110711206644,0.0,0.8066804432498722,0.6103582070760705
1.0,0.0,0.0,0.0,0.0,0.0,0.9999999982049066,1.0,0.0,0.9999999350741646,1.0,0.0,0.9947688460422538,0.9969320773322363,0.0,0.0,0.0,0.955619500062232,0.0,0.7907298755877252
0.0,0.0,0.0,0.0,0.9994700327048816,0.9999988178624949,0.621182135539451,0.7137266717670688,0.0,0.9999999999998925,0.8783948568367334,0.0,0.9160324061967444,0.9667806730443022,0.5666786257497258,0.24048295622923327,0.9203494346197356,0.8247794663688519,0.0,0.0
0.999867222435421,0.0,0.0,0.9999789049637083,0.0,0.9781365214922355,0.0,0.6580521751659133,0.6479238049769482,0.918485844224,0.9873113263430136,0.9503905332732114,0.8545702149306592,0.8445892658703065,0.9958099295790113,0.0,0.8692784069943379,0.0,0.0,0.7647724146652993
0.0,0.0,0.0,0.0,0.9999988308919502,0.0,0.6043587206365776,0.6346774055786197,0.5117071278833932,0.9989017870856206,0.8542929488492345,0.7598923200021246,0.9057790503239932,0.9533223062708551,0.0,0.0,0.0,0.9694847895154739,0.9999872646159171,0.850700977677871
0.0,0.0,0.0,0.7638803723383524,0.9980937869504428,0.999999997432163,0.0,1.0,0.0,0.9999263689070437,1.0,1.0,0.9924150470723724,0.9937434101273409,0.9040645692536372,0.5140597897934404,0.999897211889245,0.0,0.9192105300849585,0.0
0.9993318953422542,0.6288848889449562,0.07065488541752196,0.7783191574600389,0.7541091021614423,0.0,0.43549451990093707,0.596176533347153,0.40380926752924046,0.9914050247119818,0.9769521867925852,0.9978528458896315,0.9786894868898443,0.9999796314375178,0.0,0.0,0.0,0.9999103448563996,1.0,0.9945084295960421
0.9999988600545612,0.9240065654925116,0.14527842378059372,0.0,0.0,0.8952674677022437,0.3565592397314432,0.0,0.41149681320965825,0.9869265854839786,0.9999904683918701,0.9999998853472885,0.9878192952235998,0.9999922916894859,0.9999999972746636,0.0,0.999999999081713,0.9999999999999771,0.0,0.0
0.9904127152241422,0.0,0.0,0.0,0.0,0.9999999999956668,1.0,1.0,0.0,0.0,1.0,0.9996534787361313,0.9131420246495643,0.7919258981432141,0.620876246778119,0.5134984348426925,0.6932709148320898,0.47165615457290266,0.5767497290506092,0.5436455465260079
0.0,0.0,0.0,0.9988262806061705,0.999033001901303,0.806198509522037,0.5115776989947175,0.5484286825035555,0.4723225025234212,0.9361230766054104,0.0,0.8484149005526359,0.0,0.9654199244955861,0.0,0.0,0.9647668627604746,0.0,0.9999973647957218,0.9059737436900482
0.9693904715942832,0.6138188923183389,0.05429943538983639,0.6766118507097598,0.7293963049444783,0.5991048706985086,0.3425448207952502,0.6399826462602267,0.0,0.9972470956121863,0.9999839431454814,0.9999961789652274,0.9844996853835247,0.9999505492480294,0.8157702591445196,0.369041884004665,0.9998538757424591,0.0,0.9999999989613135,0.0
0.9881982700941594,0.0,0.0,0.6888984326759657,0.9521451588701619,0.0,0.0,1.0,0.0,0.9972837128272991,1.0,1.0,0.9911906778537382,0.9955919175886679,0.9893192381935629,0.0,0.9999989287706952,0.9892352574719123,0.0,0.8864441957344179
0.872516349569003,0.6928621724802952,0.2660962120703894,0.7530207756360014,0.7530977233556253,0.0,0.9999121911063356,0.9999999999405158,0.0,0.9843401644460714,0.9995833180727958,0.0,0.9912190007846983,0.9977587561933395,0.0,0.0,0.9999999978373311,0.9873936244716497,0.0,0.0
0.0,0.0,0.0,0.6810023655249166,0.9999959380633551,0.0,0.0,0.999994552855078,0.9974481885849396,0.9750719207295391,0.9999999999697053,0.9999957241242929,0.0,0.927304178409814,0.0,0.787208124022168,0.0,0.7636777743518072,0.0,0.0
0.9997465653452619,0.987865016914213,0.0,0.9630588763259731,0.9916887939582656,0.9999064799096151,0.9992181437355615,0.0,0.0,0.0,0.9999993069307994,0.9992646453414512,0.9531633191776728,0.9549013207833518,0.6991989294471268,0.44458260477618383,0.0,0.729677245549787,0.0,0.6919803369218486
0.0,0.9998951988310005,0.0,0.9999826583189962,0.9983214325708164,0.9992590062599825,0.42879837499619006,0.0,0.5052918804089132,0.9999999580545318,0.0,0.9365690867288079,0.9627329242919037,0.9847525662356532,0.0,0.26606537215395204,0.9040563005206649,0.7895046372295269,0.9558501740734027,0.6961731981373508
0.7186203313429812,0.0,0.5131671871165061,0.437467724432388,0.5745035844748763,0.6806847745858721,0.5846874764637814,0.6735006043583728,0.6563548507602862,0.7803065103690011,0.999999999635403,1.0,0.9917885344476923,0.9999999877352356,0.0,0.0,0.0,1.0,0.0,0.9999999987485133
0.6425824333661525,0.564867159517936,0.3751687642442522,0.5623810901990911,0.574101038397182,0.5718732706052239,0.5591009914409282,0.624460597707114,0.0,0.7515805092457087,0.0,0.9999968055417393,0.0,0.9999902376856724,0.9999984392962238,0.9999999999993092,0.99999999966907,0.0,0.999999999849982,0.0
0.7678268486394619,0.6310260647341388,0.5667074495187898,0.3602712010673867,0.5975842392875031,0.6525916803826641,0.35136650932117297,0.4825340944124206,0.5410680925451082,0.9193975867210368,0.9999661328439515,0.9892983935567047,0.851730575106459,0.8857163639041473,0.7156397235699313,0.6324155975055505,0.6387410401572495,0.5199225301757301,0.0,0.591979051671656
0.9762208863282896,0.9982081956370468,0.0,0.0,0.0,0.9999948044382345,0.9999909020390582,0.9999999999081499,0.0,0.9268439160468943,0.0,0.9999999116315246,0.0,0.0,0.9999529863333236,0.0,0.0,0.0,0.0,0.9822307686768591
1.0,0.0,0.0,0.9999996150215859,0.0,0.9723215730637703,0.38502347288094063,0.5685633217669719,0.3913242848709962,0.0,0.9772823687132809,0.9047782545812922,0.9511748839344878,0.9802659637553144,0.6654422780417929,0.0,0.8606553944830336,0.7992444413295959,0.0,0.6888306530197212
0.7230122669931548,0.5658356859057839,0.28504064102133836,0.6554290054694282,0.6356942448347893,0.5425432979628316,0.4820184594675876,0.5558594375090621,0.46789509093176995,0.9547538652701794,0.0,0.7599910073567256,0.8366858652804139,0.9584404549434332,0.6076780572905719,0.0,0.7491309450162892,0.7451701598951168,0.8272284892474172,0.7053794593945082
0.0,0.0,1.0,0.9999999991958757,0.9999999999999987,1.0,0.9999999808421073,1.0,0.0,0.99999982463112,0.9999999996912763,0.9999462769126495,0.976885822423978,0.9718240685751961,0.8138771036123316,0.0,0.99351082478483,0.7863783384581611,0.8728353641378254,0.7426783721497666
1.0,0.0,0.0,0.9999999993509043,0.9999825447504084,0.0,0.5137580885394365,0.6550174530481888,0.46342936843742766,0.9999997684042464,0.9059519066364005,0.7743674313601822,0.9410411738095605,0.9787338760217629,0.6741294695284167,0.3080631936463287,0.9224888813398412,0.8639800904129581,0.0,0.8022438007742043
0.8076154526435773,0.6255714942526569,0.3251727411545631,0.4915108282762139,0.6364815477169644,0.6163447748628731,0.35279084884330547,0.5004210758525134,0.4561407750789181,0.9667718239748943,0.0,0.9821559434503576,0.9046593754067707,0.9728614727373099,0.7020801506388179,0.0,0.7348735555601685,0.6750105994003944,0.8462945783390934,0.6661595803571045
0.0,0.0,0.0,0.0,0.9295177845404766,0.0,0.48495152273132613,0.7092398436616312,0.0,0.0,0.0,0.8671880572280843,0.958052961691485,0.9887968693298231,0.6261119349208171,0.24502664332851232,0.9665834443384266,0.8554634320463154,0.9977243304190699,0.0
0.9999999998286344,0.9961488375180118,0.3421627603150626,0.0,0.0,0.0,0.3663273890232024,0.6448488605979846,0.42232502567732116,0.9996678176925906,0.9999435791155987,0.9940886376571884,0.0,0.9896531160577758,0.7616899906126487,0.3711724548674553,0.0,0.798200783739332,0.9975497889461562,0.7804598891262549
0.0,0.9999997709122833,0.0,0.0,0.0,0.0,0.0,0.9999865121325576,0.0,0.9987263379547557,0.0,0.9999999999999947,0.998054520951702,0.9999805937847479,0.9999999999992732,0.0,1.0,0.9999999999999751,0.0,0.0
0.0,0.7385523873333106,0.20727173803570045,0.5267332381249481,0.7473962579322044,0.7434139718325347,0.0,0.7594691093679802,0.0,0.9831613224178535,0.9999999999999993,0.0,0.9816526327223012,0.9997436778305412,0.9988431006915687,0.0,0.0,0.9997816003716035,0.0,0.9457631922641604
0.9999999999989011,0.0,0.0,0.0,0.0,0.0,0.44076594183559464,0.7071269637490282,0.0,0.9999990438658759,0.0,0.9267878185319113,0.9310394302540886,0.9427947845074358,0.6267619169122373,0.3564838359647984,0.7560947867056826,0.6193556311121684,0.7165215625593412,0.6126094180563255
0.9999257889061817,0.6350397232849079,0.0,0.8409427213068822,0.7676329610181893,0.5954508147070415,0.0,0.6711379853612294,0.0,0.9999998071268986,0.9459817540821386,0.8074276021324196,0.9429361830302322,0.9886104529856092,0.5530131037078877,0.2049530241393294,0.8857209016722776,0.7906905388094146,0.834015818887391,0.7159150944977742
0.9901401923539775,0.7820399688999663,0.18191907923957143,0.0,0.8546922071795477,0.0,0.44567521488840306,0.0,0.0,0.9853702746609304,0.0,0.9999999999976092,0.9885481688199175,0.9999580484024873,0.0,0.0,0.9999999745771997,0.9999999993900734,0.0,0.0
0.0,0.0,0.0,0.9971777486395763,0.9940526071726233,0.9999999999959357,0.0,1.0,0.0,0.9999998382456974,0.9998607451933779,0.9960655904654194,0.965268801538009,0.953329242320927,0.6471221714759414,0.4015671680446018,0.0,0.731066365173356,0.7104058027105353,0.0
0.0,0.991730695025842,0.0,0.9960729423932305,0.8892408128041521,0.9999999999868752,0.0,0.0,1.0,0.9999999999210047,0.9987997141362766,0.9846641157970946,0.9566283276328303,0.9351151037626002,0.5846970492177652,0.3572222892425656,0.0,0.7395077130112605,0.619709820102393,0.7263025754617771
0.9985596165501567,0.0,0.0,0.0,0.946064912930377,0.0,0.0,0.9991265281608062,0.0,0.9824773540543763,0.9999999997610929,0.9999999999943554,0.9890401500411812,0.9996214868719157,0.9999987229566843,0.0,0.0,0.9999998450887226,0.0,0.0
0.8813965065014975,0.0,0.2241972185747776,0.45410727237081844,0.7001119756365786,0.7013802234275143,0.33150584492353075,0.5644644039923491,0.4658443350038757,0.969735483166013,1.0,0.0,0.0,0.9999985959481807,0.0,0.0,0.9999811104721426,0.0,0.9999999999999989,0.9999381626102346
1.0,0.0,0.9999999999999991,0.0,0.0,0.9995890481857854,0.4812689320648601,0.7054508655212656,0.0,0.9999998748320954,0.9875812430961445,0.8847426172617978,0.0,0.9516032511856701,0.6266570281922585,0.3301613015005119,0.7894776391065921,0.0,0.7961103255982143,0.6431987718527965
0.9136356016036037,0.0,0.5759150203400655,0.4952380759737868,0.9997170495730195,0.0,0.40650322920234366,0.5910529616428534,0.5419497501671422,0.9661525674067628,0.9999996633304035,0.9981398170818696,0.9081793261641582,0.0,0.8133512070937856,0.6346228882115046,0.0,0.6244659141601985,0.7918304583266567,0.6689028337536524
0.0,0.0,0.0,0.9999998711450153,0.9933660063693852,1.0,0.0,0.0,1.0,0.0,0.0,0.9999979484318443,0.9976827328483312,0.9956232067890439,0.9912868315399685,0.0,0.0,0.9905765233514571,0.999999511212559,0.9904801238826549
0.8910721368900776,0.0,0.0,0.6735455597503117,0.8184093121884837,0.0,0.0,0.0,1.0,0.9606329518109774,1.0,1.0,0.9992810094652232,0.9994975617838732,0.0,1.0,0.0,0.999998012797611,0.9997297268566692,0.9997066088048238
0.0,0.9999782577640298,0.9999998653835181,0.0,0.0,0.0,0.9980812964904464,0.0,0.9999999766004283,0.9999955752022208,0.9999580125607443,0.9913436472425042,0.9478843162749406,0.9503367304363949,0.0,0.42403326253903995,0.0,0.7173017378882137,0.7522712921712533,0.6955959434761919
0.999997388107089,0.0,0.9999999999820448,0.0,0.0,1.0,0.0,1.0,0.9999999998513409,0.9995242719658023,1.0,0.9999999663647212,0.9641166151019321,0.8967244267353527,0.9376457436441733,0.0,0.8338328231813763,0.5778945940728836,0.7275044492051641,0.6788682409087738
0.9025087038452483,0.7402763529884421,0.5035410670072269,0.0,0.0,0.700907210462648,0.53990681808957,0.6126687231304372,0.0,0.0,0.9104893828991126,0.9326484464745304,0.8769203089136388,0.9671097073671747,0.8948389238939646,0.0,0.918031673419032,0.9578417536247784,0.9985561401730864,0.8522266660154973
1.0,0.999999999556265,0.0,0.0,0.0,0.0,0.0,0.0,0.0,0.999999735913434,0.9999998558748794,0.9992729490111524,0.9815441058802266,0.9857267123938241,0.7823181619064395,0.3585253470247099,0.9408148912030242,0.760541129136049,0.9844398209408448,0.0
0.9167158198347678,0.8669843994306032,0.0,0.0,0.9983837873753902,0.9958925194874273,0.0,0.0,0.9999555871974314,0.999289636995778,0.9999979235440668,0.9892880587434187,0.8880757884064284,0.840916065851726,0.6383082131804287,0.5150912176031662,0.7020897374844234,0.5471092108764469,0.612023997385524,0.6114782465909865
0.0,0.9120277278774049,0.42484227668435726,0.0,0.9993163462575738,0.8173104588263737,0.4212373370284703,0.0,0.5126070295631403,0.9364610834836573,0.0,0.999999190033891,0.965160417570985,0.9996267458750533,0.9999999998624758,0.9999999999997307,0.9998688179752809,0.9999999999897751,0.0,0.9998648533840586
0.0,0.9999204561646385,0.0,0.9999977406337933,0.9999999999999809,0.0,0.0,0.6509540131651455,0.5779618568963418,0.9871188037404581,0.8717609506668519,0.8291578070669765,0.8282865103161953,0.8094386858596246,0.0,0.6181028335488622,0.6894676610902667,0.6756284719772995,0.0,0.6972872363782917
0.9994007311072975,0.9826910897991694,0.0,0.7785513147517463,0.9999943852658664,0.0,0.0,0.0,0.0,0.9999474594662318,0.9999999999999682,0.9999127263590013,0.9643549862793033,0.9671623660646248,0.7010484796977979,0.4082075004314735,0.8251901210974008,0.6036410526800674,0.0,0.6316139509725449
0.0,0.5833048321856955,0.08430417637436614,0.0,0.7712135439263429,0.0,0.5662299740237594,0.9421256290367422,0.0,0.9999999882097982,0.9559094350530366,0.8196214973061821,0.9503588906256037,0.9907428959661737,0.5411130383668349,0.19537017542567317,0.9644869265898581,0.8142326073946393,0.0,0.7403228199990407
0.9994661383987103,0.919809304987397,0.0,0.6358145904702345,0.0,0.9999964187317498,0.0,0.0,0.0,0.9991799642123459,1.0,1.0,0.9967098770361934,0.999795885304335,0.0,0.9976529746335795,0.9999998274469062,0.9980315655383037,0.9999854430978441,0.9809576778302169
0.0,0.0,0.0,0.8199560118912291,0.9510363001853763,0.9977939960957982,0.0,0.0,0.9999499697543471,0.9999987734819547,0.9999999999314857,0.0,0.9828176810392769,0.0,0.6905495156595105,0.27320494987220867,0.9537869485950803,0.7635217744201268,0.9051636469075193,0.7154349431176753
1.0,0.0,0.0,1.0,0.9997173540967667,0.9999385461033738,0.5567571235072134,0.6179336556137653,0.4501023536677215,0.9999999999776155,0.8351071579481493,0.5657253526577994,0.0,0.949245772901255,0.0,0.26371676994695314,0.8425447135675295,0.8152827424107815,0.9418226102578632,0.7121825119880203
0.9997506536205176,0.7465892816384412,0.0,0.7677115114531592,0.8012291956176958,0.9987270324259071,0.0,0.0,0.0,0.9999998727672108,0.9999999807096221,0.0,0.9822952143563424,0.9940770946014509,0.6356464529097847,0.24649390621752446,0.0,0.7590514497844209,0.7991118186250961,0.7363994926215793
0.0,0.0,0.9999999999999969,0.0,0.9999999736850822,0.9999999999958964,0.0,0.0,1.0,0.9999997522703808,0.9983884839597974,0.903165409280401,0.8920677582614044,0.841918881422544,0.6282514011335422,0.4730050459420379,0.0,0.6476066645663652,0.6087862342624392,0.6492785012200328
0.0,0.0,0.0,1.0,0.0,0.9999105119998172,0.6674233208163631,0.6739285485954155,0.6545479556245193,0.9999997312461845,0.8225308235850859,0.6127481319433492,0.8604768137341965,0.9159106120850604,0.6850675603687723,0.0,0.0,0.8757068378966496,0.9739628993577412,0.6956247591681272
0.0,0.0,0.5214944143268616,0.7108763475715215,0.697407898032139,0.6576714516578576,0.0,0.7020810395545541,0.6520054301345499,0.9769054652061118,0.0,0.0,0.8203994933023873,0.8800283265835384,0.6197085586296954,0.5124312097968896,0.7316317538078735,0.682884980733374,0.6816530605886407,0.6804010487599369
0.9999999945031481,0.9999993894636617,0.0,0.999999836912874,0.0,0.999278117285961,0.3355794791874678,0.558345047299435,0.45515110473664905,0.9994316216590073,0.9999970533038074,0.9791837578727999,0.9399823319949605,0.9332452306933586,0.7196923065482489,0.471328898360793,0.7389600793387204,0.5457137852491404,0.7801932336767877,0.0
0.8791557251836297,0.6412593427716835,0.10350889287024581,0.525432215765407,0.6886933840557233,0.7364122054200739,0.4742636928294011,0.0,0.0,0.9976249622645739,1.0,0.0,0.9896780679292365,0.9997038095256017,0.8387141548295941,0.0,0.9966361337494529,0.8770133392516987,0.9796569117149149,0.8163879305586813
0.0,0.801824474599428,0.0,0.8394986170234154,0.8531215539861369,0.0,0.5927031137823797,0.9999902440850088,0.0,0.999999840789068,0.999996953526314,0.9995150817074039,0.9808025699850591,0.994545915347967,0.6558224251399,0.2439879833755913,0.9782022020231858,0.7943067749564735,0.0,0.7479249382734544
0.0,0.9996730867131455,0.0,0.9912098130539977,0.9999988409950172,0.0,0.591242561094356,0.0,0.9999552540848744,0.9999949040995546,0.9999999999999711,0.9999536600775671,0.9748560278013763,0.981981648713812,0.7186216856976739,0.3569058668959799,0.8920857317602175,0.0,0.800270381400199,0.6485871320687187
0.9936978547668474,0.864114552399823,0.0,0.6470186302067186,0.9820977676503427,0.0,0.0,1.0,0.0,0.9999968949880507,1.0,1.0,0.9933741108614224,0.9937550340530644,0.758732071385404,0.3575576939264742,0.993776649964907,0.0,0.7673582554385207,0.732034314520758
0.999517668187935,0.9737248027980645,0.0,0.7452601842167365,0.0,0.9998489739530118,0.7738172680874482,0.0,0.0,0.9867602846218649,0.9999999999748743,0.999999999999934,0.9931816211370602,0.999854359155038,0.0,0.9999999999820026,0.9999999998358575,0.9999996016663125,0.0,0.0
0.0,0.6455364743977938,0.4767744681727897,0.6926738944416684,0.682410296229719,0.0,0.5148759468417549,0.575280249442175,0.5163750224835925,0.9691137496772485,0.7686730553534702,0.7054895212765093,0.0,0.8551765576081704,0.5863703577244922,0.4715984871273803,0.655768997116164,0.6519591141768851,0.6829755674881965,0.6509528607542397
1.0,0.9999999992671444,0.0,0.9990951752728497,0.0,0.0,0.0,0.0,1.0,0.9996646880760208,0.0,1.0,0.9973090549198043,0.9998638277928901,0.0,1.0,1.0,0.0,0.0,0.0
1.0,0.0,0.0,0.9995035520367379,0.0,0.0,0.0,0.8222546421755323,0.0,0.9999999999976859,0.9919263902742127,0.8924704951257592,0.9583209386718361,0.9823968077564298,0.5839966364401991,0.21205287404142362,0.8576089549337178,0.7411916271747713,0.7632095420045866,0.6785910259463088
0.0,0.6949515083249337,0.3347182365525964,0.44248022412310384,0.0,0.711431450828405,0.0,0.6111548115129201,0.497843295267475,0.991741100698497,0.9999999999841229,0.9995258386428486,0.9424288699426128,0.9645347683593085,0.7005056345596622,0.48934368965441327,0.7472284361139249,0.5477778216306884,0.7294878251408284,0.60931447267729
0.7769328898076974,0.6191897974036392,0.3956453746867656,0.4598413847661732,0.6114775706499003,0.6202067911647682,0.3650414916943286,0.5041310131910725,0.48837871425417617,0.9512392941885662,0.9990295535035383,0.9801711048572189,0.883452036243656,0.9519050732996504,0.6915676753479001,0.5406749092682042,0.6999767420260112,0.0,0.0,0.639476548252854
0.8581796621797314,0.5760038461815503,0.06208792215228547,0.7260936379023823,0.7328914797138465,0.7216551856816167,0.0,0.0,0.0,0.999634064646793,0.9999999898732165,0.0,0.9944600138080928,0.9999285234975978,0.7689943122303103,0.0,0.9999999999986393,0.9696395489961017,0.9996797606831075,0.9273700109033325
0.0,0.0,0.0,0.9997943957157932,0.997657243907663,0.7618534589950868,0.5006408584763137,0.5481482691970002,0.4699651066104291,0.0,0.7988751245718301,0.7472094483330428,0.8390002371150321,0.9115706964460799,0.7358127852982707,0.0,0.7840622508223335,0.8414622331150748,0.0,0.739285836059135
0.6993226886562106,0.5947113034903624,0.3556754070099455,0.5167651497721241,0.5797294641668732,0.6115149538333585,0.5336910962398558,0.63082931087731,0.5797368144760018,0.8254838771086477,0.9999964486231647,0.0,0.9845556204171136,0.9999999249198773,0.9999999999993372,0.0,0.0,0.9999999999965787,0.0,0.0
0.7238841246880254,0.653747387840265,0.5468271474539615,0.45572986535069265,0.6268677639526175,0.799796643693567,0.0,0.9999997157631908,0.9998723016265315,0.8944834366372761,0.9999999999983882,0.0,0.946100968574872,0.964615274227059,0.0,0.8589733566560137,0.9515800093567242,0.0,0.7706959304501321,0.8232503932279637
0.9802218176554593,0.7198467195143601,0.0,0.6354956919631117,0.7532497137688772,0.702839802985858,0.3794700725909573,0.6903183080910515,0.0,0.995334002245775,0.9999999502536097,0.9999965435245181,0.9757575671276031,0.9988078755887266,0.8837711639699407,0.0,0.9937741468613884,0.9805334739278875,0.9999235171381977,0.0
0.9995367503816813,0.0,0.4793367448248697,0.0,0.9999688249360298,0.7387580712999057,0.34445396150793345,0.47117294153357014,0.434812423085679,0.95843991723056,0.9971108227549063,0.0,0.9329200595885131,0.9932466512575704,0.0,0.0,0.910550643038208,0.0,0.0,0.9554194925463495
0.8135475948648077,0.6582564034914603,0.2732024711013974,0.5851291887158933,0.6955296571461702,0.9628017232163267,0.0,1.0,1.0,0.9992464209071432,0.999999999999996,0.9999999862054312,0.9711913518908246,0.9764625498059036,0.6783781344882585,0.45181651080782814,0.0,0.6594300313615119,0.6717168411457708,0.7161342268734211
0.6782652587878041,0.5986696568554393,0.48721641595661147,0.5766668183891284,0.6068622921793918,0.6388569723350375,0.0,0.0,0.0,0.8845034146300684,0.9200269906724872,0.8918171814884384,0.8152099731555014,0.0,0.0,0.5826800792234578,0.7190055393443864,0.6765481142672548,0.7012981638338953,0.6929243684255438
1.0,0.0,0.0,0.0,0.9999541067806121,1.0,0.0,1.0,0.0,1.0,0.9999998232732891,0.9993545587160524,0.9836982575093212,0.9829149779221035,0.6251193827371716,0.0,0.9993811086499884,0.782639154516839,0.7347371689317161,0.7150367295146142
0.9965409134853743,0.9995855694769703,0.0,0.9940672881358854,0.0,0.9999999920862815,0.999998126911447,0.0,0.9999622234616842,0.9950787101766932,0.0,0.9999998740693808,0.9609112019736792,0.9225187445501847,0.9033126128122363,0.6820641085649402,0.8232383091513564,0.6119907747350363,0.0,0.0
0.9999943277381533,0.8705932729155442,0.0,0.7743136736239876,0.831168131021574,0.9799046593614461,0.48907248942104714,0.0,0.0,0.998793756819969,0.9999999999699016,0.9999999999998563,0.9946520326910232,0.9999783303373738,0.9996807227199387,0.0,0.9999999999999925,0.0,0.0,0.0
1.0,0.0,0.0,0.0,0.0,0.0,0.5025296068008395,0.6331276093658488,0.4507536563274561,0.9999999999889997,0.8838521863738403,0.6651280560852493,0.0,0.9682519886790257,0.5484039472904174,0.21895113444755082,0.8229947650795126,0.7830905302611808,0.8404359961779775,0.6994014767999327
0.0,0.0,0.0,0.9524074931489283,0.8201657674897258,0.0,0.0,1.0,0.0,0.9999999237433488,0.9992121865436565,0.0,0.9954094939353507,0.9991279780027521,0.7683711625536881,0.997950320384025,1.0,0.0,0.0,0.0
0.8698565071877173,0.7267506647970652,0.26707008882075906,0.502433647850151,0.8301106958637421,0.9999886479446688,0.0,0.0,1.0,0.999560441244707,0.0,1.0,0.9911728231046765,0.9882755142108764,0.0,0.0,0.0,0.623971341847562,0.7007261255961248,0.7508000660740703
0.9999999682104502,0.9999997232569586,0.0,0.0,0.9999999999992102,0.9999999999996472,0.0,0.0,0.0,0.9984551780245803,0.0,1.0,0.9932513428608238,0.9951275435972348,0.0,0.0,0.9999956632468222,0.0,0.9998156719104937,0.9724935707326505
1.0,0.9999999951346596,0.0,0.0,0.9999999994477622,0.0,0.0,1.0,1.0,0.9999987908358364,0.0,0.0,0.9901885708867119,0.0,0.0,0.0,0.9999905421263546,0.0,0.0,0.0
0.0,0.0,0.0,0.0,0.9999999999999227,0.9999989103023996,0.7062163305605672,0.0,0.0,0.9992885856124398,0.0,0.9999765621190563,0.973657048229607,0.9840142086417152,0.9763857617593861,0.0,0.9805889760118173,0.9166284984085522,0.0,0.0
0.6319764493895974,0.5378298740199746,0.3064989822570752,0.5490202905396107,0.5721821806060285,0.5294012849202475,0.45625177630126,0.5169159042110851,0.46970058551116206,0.7713142435900617,0.9052637918161482,0.9999864989088432,0.952664122657124,0.0,0.0,0.0,0.9999999998038942,0.0,0.0,0.9999999472603865
0.9990284105125324,0.7210788047205897,0.0,0.6934258035286999,0.7829800748981136,0.7265140779797917,0.0,0.7317565554491643,0.47315082480550413,0.9998238246480221,0.0,0.9999715456481058,0.9831752947345138,0.9985160315411828,0.7194273297158077,0.29183642450804476,0.967545762356586,0.8336009858758987,0.9959371658552231,0.0
0.91568293978362,0.6695756467355338,0.29846619749014214,0.7018482662325114,0.7522565883468793,0.0,0.0,0.6951419273810286,0.5592259400842094,0.9952012555010927,0.9650291877553724,0.9123100273270734,0.9085572811073831,0.9621385096106609,0.6517979316904051,0.43138603564049854,0.7968727294807694,0.7214097452103705,0.0,0.0
0.0,0.0,0.5090190561748311,0.4996847222437855,0.6771335821030261,0.705952629905216,0.0,0.7164390192390762,0.6958422751148824,0.8478846057375147,0.9999999852790424,0.9999999999722822,0.9712730563017238,0.9998938997588769,0.999999999999106,0.0,0.0,0.0,0.0,0.0
0.0,1.0,0.0,0.0,0.0,0.0,0.5831489227098321,0.6487190580079465,0.0,0.9999999999999998,0.0,0.7576249090498499,0.8763656422212949,0.8948249307979743,0.5882528211853596,0.34594347971874123,0.7047422856109065,0.63918016713296,0.6714665150667845,0.5962986514070714
1.0,1.0,0.0,1.0,1.0,0.0,0.0,0.0,0.0,0.0,0.0,1.0,0.0,0.9711548442678636,0.0,0.0,0.9960705815072545,0.7229221071449081,0.8398331842222506,0.7513062073483997
0.9999999981616097,0.9999999543684918,0.0,0.0,0.9999999999415166,0.0,0.0,0.0,0.0,0.9930374161520252,0.9969162345908511,0.0,0.9531867255747917,0.9294151045090886,0.0,0.0,0.0,0.0,0.0,0.9465610245284098
0.695193896990247,0.5592586555726183,0.2252461789686854,0.669026349276526,0.6446531133122018,0.557469958782695,0.0,0.6282678383654484,0.57228929962889,0.8451325477828445,0.9104562026267038,0.9982107047113067,0.0,0.9999650604781822,0.0,0.0,0.0,0.9999883002474614,0.0,0.9987748372663275
0.948054559803052,0.0,0.0,0.48168461944172053,0.0,0.7914651128259801,0.3157897142874894,0.486946049753561,0.5257856232764285,0.964202779630448,0.999999999331967,0.9992863510667549,0.9163383060262509,0.0,0.9484362930381002,0.7190944495710248,0.7251949213035108,0.0,0.9085567263684585,0.6362877323987117
0.9953167249988678,0.670736082634909,0.0,0.7541432293743086,0.7265626002563121,0.5831716268714556,0.418032055390443,0.5374377660175097,0.3884369649015954,0.9850128070409041,0.9324753325781076,0.9302318184176415,0.0,0.9975657299451918,0.0,0.0,0.0,0.0,0.0,0.8563000639900316
0.7876387023580709,0.607132232289864,0.0,0.727699954386621,0.658023809706608,0.5474292303310457,0.5265514760761488,0.5726730667270704,0.504170900814078,0.9060490120372098,0.7772708055770909,0.6900063248276332,0.8280199657407934,0.0,0.6824996917456412,0.5430264653775133,0.0,0.0,0.9926119665129018,0.767223901517221
0.0,0.0,0.9999996994929118,0.0,0.0,0.9997566469917378,0.9897227738099489,0.9992108133841378,0.0,0.9998096719886062,0.9239613556560508,0.8065558593771732,0.8699684918969247,0.8676002652110502,0.0,0.5341182907449433,0.0,0.7578519459438589,0.0,0.7009886496146707
0.0,0.700069335454329,0.13686303294164043,0.5083817211141131,0.7623580009782964,0.6675476670326785,0.25196550979259297,0.4973354560929576,0.3707864411406752,0.9949596380527849,0.9999999997093867,0.9999749167732832,0.9750264153885194,0.9982359891250503,0.8078266343685608,0.4264492317463795,0.8763099212006551,0.0,0.9985320245623699,0.0
0.714935270667953,0.0,0.3458002169679376,0.7201117042897794,0.718450063939849,1.0,0.0,1.0,1.0,0.9990317216330337,0.0,1.0,0.0,0.9993885178350166,0.0,0.0,1.0,0.0,0.0,0.9999906887827994
1.0,0.9999999957727461,0.0,0.9999999472463904,0.0,0.0,0.0,0.9979421721242513,0.0,0.9999999999745588,0.9998813607598454,0.9781160962971609,0.9741681994485178,0.987439666642953,0.6602046331538589,0.25360641007864404,0.0,0.7878509190844256,0.0,0.723401781536742
0.999996151053023,0.9895772253688416,0.4461502761585267,0.9949234322341366,0.0,0.0,0.5598264271124264,0.5980971815415409,0.48852078749729144,0.8916112434202444,0.8482307601068763,0.942441436033901,0.9525260998055811,0.9987347893642438,0.9999995456847209,0.0,0.9999957710674501,0.0,0.0,0.0
0.0,0.996594954766607,0.0,0.0,0.9999999999999125,0.8629652155534095,0.45014468590936224,0.0,0.5874435288525031,0.9171909331309689,0.9999999966848179,0.9999719229932519,0.9132573698189314,0.0,0.9999969776244605,0.9995660247124817,0.0,0.0,0.9983200939557767,0.0
0.7690662465015308,0.6390027499046195,0.2918260081804461,0.6432690868138019,0.7000271208908587,0.999618761483184,0.0,0.0,0.0,0.9998898968895742,0.0,0.9999999032584899,0.974369975083869,0.9644337675382472,0.6367073522826503,0.43558519936479495,0.9652261771422093,0.6617695085970742,0.6231324614389618,0.0
0.8849930178417165,0.7590636709722379,0.5788066878842085,0.0,0.0,0.7827854532684222,0.5860775858143387,0.9616743833096223,0.0,0.9969555205408562,0.0,0.9925772277168687,0.9008502959770541,0.8958565777948326,0.6550052684181672,0.50030180535469,0.713933451850631,0.5659218802557427,0.6599515259717007,0.6042164358883815
0.9999118527824281,0.0,0.0,0.9999826883067774,0.0,0.0,0.4237387922711108,0.5354320128314621,0.5040420044223651,0.9989343067581088,0.9136439024327417,0.8514410644387936,0.8335409632357424,0.8099835572233555,0.6193334340548661,0.4983926830537056,0.6403542063453184,0.5225169470266805,0.6458201589391297,0.5536042477937045
0.0,0.5456699849713195,0.06900931032161946,0.8193337189037877,0.7591779890823576,0.46957514285949004,0.4492611289193521,0.5658947605246603,0.3355085700385406,0.9999749579965471,0.8826471704006319,0.676288835201173,0.920482662869327,0.992148573900619,0.5371179895716364,0.2007335910461401,0.8714591655540329,0.8275691172945558,0.973020969551705,0.7373276595530807
0.0,0.0,0.47242668885589295,0.5760852823959929,0.0,0.9999999907005447,0.0,0.0,0.9999999999923035,0.995117926360167,0.0,1.0,0.9925944866708906,0.9947352714668526,0.9997857828435558,0.0,0.0,0.0,0.9778656185874139,0.9666003229464395
0.0,0.8456182900438984,0.45495846238736404,0.0,0.9999894154209822,0.8037871925230492,0.0,0.5703812223710598,0.4893962316859668,0.991972164835022,0.9999999999968867,0.9994552002112044,0.9459709617041978,0.9597799883545947,0.775635527194165,0.5387624248459421,0.7542464616147545,0.5929328605214471,0.0,0.6327216582334568
0.0,0.9960361355016596,0.0,0.8199299388048968,0.9998825528305129,0.0,0.999206358438267,0.0,0.0,0.9974007253310525,1.0,1.0,0.9962131752192482,0.9997433024805299,0.9999998965963284,0.9999999981918233,0.0,0.0,0.0,0.9991872925155328
0.9998274557328347,0.7185573351741953,0.05927549847372193,0.769631949084229,0.797556902525718,0.0,0.0,0.9999999910299237,1.0,0.9997567226464451,0.9999999992682866,0.9999999999998828,0.9965096828535377,0.9999611730515041,0.9712718357497674,0.0,0.0,0.9976678147151978,0.0,0.994782515038631
0.9999999999690175,0.0,0.0,0.9999999999970413,1.0,0.9999999984508727,0.0,0.9998159355206776,0.0,0.9999995713440907,0.998617708669572,0.8944679807929032,0.8926806451721173,0.8677719674204368,0.6335394587962363,0.44591697854186285,0.7203023325266718,0.5938378172323461,0.637903399914368,0.0
0.9802437347626315,0.0,0.48135775672913794,0.6484116073183167,0.9999558911927027,0.0,0.8046757489294222,0.9998971900360969,0.0,0.9910306689665452,0.9999999997608073,0.0,0.9611188734432473,0.0,0.0,0.6418768906054628,0.8980015029674605,0.7512219825055273,0.8982455612582072,0.8246250326836054
0.0,0.6530654544165695,0.15638443203966082,0.5033795379400916,0.6968552870010015,0.6382578862317734,0.27532398948619524,0.5104781193419282,0.39144893580749546,0.9943949984221847,0.9999999480538686,0.9996316535495172,0.9647085802379151,0.995112119127734,0.7239251107583329,0.4009201691522805,0.8290108466381325,0.0,0.9420525904123945,0.0
0.0,0.712911447548743,0.3471355783623658,0.0,0.7582200901966243,0.0,0.9999003229549385,0.9999999999999996,0.0,0.9933868304024727,0.9999999999923523,0.9999999914048906,0.9748931604191828,0.9829770651190874,0.0,0.6134091579463633,0.9943405888826811,0.7827307524408611,0.8156023592837702,0.0
0.9999999964587081,0.0,0.0,0.9971522450535008,0.9523314244707944,0.0,0.6768324755717116,0.0,0.0,0.9999998722813556,0.9997074049519823,0.0,0.96533124229252,0.9852321967328154,0.6623505978415619,0.3030881599472256,0.974431304992434,0.8122108608842418,0.0,0.7202018712915996
0.9999999997328435,0.0,0.0,0.916499223066826,0.8110051076474659,0.0,0.44995979764777044,0.6947019371082405,0.0,0.9999951601075246,0.9777207788940535,0.9388335627542755,0.9670891971773661,0.9962709061998618,0.6463956013377349,0.24816142181499043,0.9978619842430376,0.0,0.9999355694580911,0.7878936824846962
1.0,0.0,0.0,1.0,1.0,1.0,0.9999999999999865,0.0,1.0,0.9999999874936943,0.9999999999846161,0.0,0.9956974710537992,0.9956413462201763,0.99997050390305,0.9999999872319162,0.9999999999999998,0.9998482387549147,0.0,0.9719299820186603
0.0,0.9999999999984341,0.0,1.0,0.0,0.9999999388842036,0.5936737032504804,0.7806817428834795,0.0,0.9999999954025569,0.954342921254903,0.0,0.9106345899351899,0.9337012315243886,0.0,0.34438366332794074,0.7841786179787837,0.7021082837086812,0.7615808536126782,0.6529804768606644
0.0,0.0,0.0,0.9970016326127645,0.9521026975097406,0.0,0.0,0.7866296202489769,0.8692325336984895,0.9712298925205606,0.0,0.0,0.9631347553249099,0.0,0.9999691537312226,0.9999999999989884,0.0,0.9999979175144347,0.0,0.9846590459604354
0.8331228953723122,0.6655025784796647,0.38924425294229253,0.3834879740069291,0.717018186665382,0.0,0.3178876733702029,0.5350631373815228,0.4973764754162295,0.9710814606507518,0.9999999999352118,0.9999164045821202,0.9366280113499589,0.9789716145214995,0.0,0.5940108841562873,0.7434758193400306,0.6193016194171335,0.0,0.0
0.0,0.6112600372227155,0.055282026642990194,0.8303832413404234,0.7810528791636056,0.693866512553919,0.0,0.0,0.9999999999862781,0.9999975833448158,0.9934339715098832,0.995807612340616,0.9794004743239544,0.9988836486515912,0.6196357090265585,0.23584046948347118,0.9999822468460169,0.9093550374533447,0.0,0.8448471773777123
0.0,0.9996406802767561,0.0,0.9999931141733318,0.9943712447598293,0.9996411599655053,0.6414026193835523,0.0,0.0,0.9999999962287969,0.9450646768861539,0.8061035647388454,0.91610294743078,0.0,0.5868191179966481,0.3007036186431219,0.8257303670393602,0.0,0.726009074120088,0.6674088574090484
0.8583413439287589,0.0,0.4889273789846979,0.4999981441715446,0.8668635395860909,0.8966799625551494,0.0,0.0,0.0,0.9853336389675468,0.9999999999999973,0.9999993844004592,0.9467988510790509,0.9480310386393942,0.7813335375522298,0.604239703526766,0.0,0.0,0.7112717489852205,0.0
0.9195938129964345,0.7129605685416937,0.14001972902516352,0.0,0.7368173477029865,0.8370167498085518,0.0,0.0,0.0,0.9872257455371866,0.0,0.0,0.9974911374219884,0.9999992997041688,0.9999999815498027,0.9999999999990754,0.9999999999959575,0.9999998451285717,0.9999999997860012,0.9998338067910073
0.0,1.0,0.0,1.0,1.0,1.0,0.9999995012082045,0.0,1.0,0.9999999999999998,0.9999999427236388,0.994379803701998,0.9757764764571133,0.9774926605136782,0.0,0.0,0.9527736829268257,0.7412927841643219,0.8165704119691591,0.6827530579700917
0.9051310388048711,0.7137948005122227,0.0,0.48270381670527984,0.8140663294909072,0.6777998011284192,0.2985162964025207,0.5022411148682342,0.4504552472698818,0.9940240848848801,0.9999979279708909,0.0,0.9303746249847399,0.9499095119559171,0.6674854399067196,0.46308464648785735,0.726730190169988,0.5337992907699467,0.7175476628486798,0.5757372035378631
0.9999972405467112,0.0,0.0,0.9997815691039833,0.0,0.9993263589605923,0.6594499202928406,0.6371822271028128,0.569204292308113,0.8522068264845594,0.8810225257079879,0.0,0.0,0.9876060769027497,0.9999999568522041,0.9999999999999813,0.9999695694923173,0.9999987321966248,0.0,0.0
0.999999999999539,0.0,0.0,0.0,0.0,0.9999999998909856,0.0,0.0,0.7748103991232413,0.9984020678123231,0.9999999487879461,0.997316149595074,0.9310018017664682,0.8728226404708499,0.8724090535540197,0.6612133357867391,0.7772576705165593,0.6276314054881259,0.7572680911066921,0.0
0.962436831791256,0.6378595646285331,0.0,0.0,0.7147500259904983,0.0,0.5227183855107387,0.5931121244061833,0.48394173839194365,0.0,0.770962870011111,0.5926593242571078,0.7943988666066325,0.8886213392751284,0.5266781792770143,0.33963415948920567,0.6676412608866384,0.679344810543661,0.6305991989036874,0.6386441737748668
0.8146770833723268,0.6903993717172299,0.5492299985647539,0.37253771184432694,0.0,0.761861319962839,0.0,0.0,0.0,0.9753358293367829,1.0,0.9999731673056228,0.913273888974175,0.8935521531936352,0.7163236667198656,0.6026958242139224,0.688539119140752,0.465072548142325,0.662273028889046,0.5745423350098897
0.889672866077155,0.610682324387125,0.11175233756410892,0.6817179658665813,0.7137344561463292,0.7135236823223153,0.6166780845249465,0.9999994615957172,0.0,0.0,0.9999993673808095,0.9998453694576397,0.9688318224349134,0.9905021807967013,0.6041269736460217,0.2746099688375131,0.920808399946721,0.7159909443480664,0.7190463315657301,0.6917657311548664
0.0,0.9492178332345442,0.277113211012455,0.8086202575495703,0.9929461702997658,0.0,0.9999999999999976,1.0,1.0,0.9999761996815095,0.9999999999999998,0.999999999995312,0.993626059697436,0.9935834132450867,0.8558062191573795,0.0,0.0,0.8245795421810167,0.0,0.9181923054604217
0.6936722634360675,0.5808943866725637,0.4286656343769492,0.578559445007157,0.5976938543550193,0.5678945316347437,0.4705244634871539,0.5293241284344746,0.49780560310485483,0.8744394350437495,0.7761116139600647,0.7765929708697474,0.7831792230613424,0.9025214430260893,0.0,0.532332268657977,0.6704404881480366,0.0,0.7735767239434603,0.6707764367967892
1.0,0.9999999998827356,0.0,0.9999999999757363,0.0,0.9999999999999967,0.9997540403958755,0.0,0.0,0.9999999999091038,0.9999915269972695,0.99506367127532,0.9710453829628959,0.9768235651338317,0.6892277289497433,0.32137638213817005,0.9815416416176375,0.0,0.0,0.712584902541052
0.9999998596927911,0.8748273832074843,0.0,0.8470232769272676,0.860129657335328,0.6956788981165766,0.3273365603066246,0.547492667722502,0.3493325503144372,0.9999436224300824,0.9981351765497696,0.9723863526089979,0.966564486696448,0.9931159033969825,0.6730175531349845,0.0,0.8962789273211522,0.8143222837732736,0.0,0.7062045915094306
0.9999999999994886,0.9997840036050856,0.0,0.0,0.9995651670698353,0.999999999999877,0.0,0.0,0.0,0.9999999992098101,0.0,0.9999841966235419,0.9868778651596043,0.9925149709698162,0.686975237334796,0.2634521457852781,0.9794273457033177,0.7564652801841749,0.8637485524545571,0.0
0.0,0.0,0.4358545986876338,0.4961955717156581,0.9999999994156807,0.0,0.0,0.0,0.9556179316656986,0.9724289531992052,0.0,1.0,0.9946349697760369,0.9998011523274631,0.0,0.0,0.9999993874853647,0.0,0.0,0.0
0.0,0.9999858461196981,0.9999966924300462,0.0,0.9999999987380599,0.0,0.9999999998025431,0.0,1.0,0.9999873556669352,0.0,0.9999108338329706,0.9688288238414168,0.9450667018183445,0.7596074486137531,0.5252496888878377,0.9502907978617697,0.7189573903020456,0.7811253193140277,0.0
1.0,0.9999990190125017,0.0,0.9999999998579194,0.9999993347170312,0.0,0.49473325399235124,0.6161787593254984,0.4862405135274758,0.9999999135314205,0.8815419306160007,0.0,0.8781157047553125,0.9144084803120796,0.582168562653693,0.340255238067665,0.7231698623365997,0.6677569854076674,0.6910947266875812,0.6224967929501402
0.0,0.0,0.0,1.0,0.9999998323572751,0.0,0.0,0.9999997585477746,0.0,1.0,0.936653518278662,0.6456229081099263,0.9459748460502221,0.9740591600678623,0.5484957305101957,0.18093253965153844,0.9968964427441144,0.8499760776537826,0.0,0.713951273495003
0.9997770003394431,0.6086157673389905,0.0,0.8438335900192518,0.760715672365661,0.5497939098004367,0.4631438105322982,0.0,0.4392814652883374,0.9999995745103999,0.9036766330626314,0.7233815072286239,0.9238904510456635,0.9844497243427741,0.5383681348228342,0.2079262762034191,0.8477878639430845,0.7860458376385654,0.8083669475319863,0.7079718823363966
0.0,0.0,0.0,0.0,0.9409425328042634,0.0,0.0,0.7616247635442,0.6362211870189802,0.999999989294487,0.9208432719011393,0.7598445958252005,0.9091533797496287,0.9519272413171296,0.5711627184565301,0.28604730501003434,0.0,0.7324821010819329,0.7129925397711022,0.6694689184821256
0.9024846410534836,0.8632491571009479,0.5180518041781546,0.0,0.0,0.9128418336802852,0.0,0.0,0.6917597462310362,0.9424203750265172,0.0,1.0,0.9786639740356039,0.9992169997108367,0.99999999998756,0.9999999992486486,0.0,0.0,0.9999996440394107,0.9996705814487499
0.8614526205615434,0.6974621780547993,0.2963287979541247,0.3843134355592919,0.7479150552565648,0.0,0.0,0.656571581069246,0.5094031401690479,0.9694933352541177,0.0,1.0,0.9860926155257858,0.9999933424941917,0.999999976846557,0.9999991576058225,0.9982875487941126,0.9999999810800454,0.9999999996901412,0.0
0.0,0.8063447156758689,0.11959419137014941,0.0,0.0,0.0,0.9999838923539841,0.0,1.0,0.9999941237418133,0.9996680130538799,0.9999999088420982,0.9975158501533659,0.0,0.9133698119006508,0.0,1.0,0.9937686286336278,0.9999999991903679,0.9966574142877545
0.9954636070262564,0.6371786613489167,0.05505561345334939,0.6670231528614484,0.7464920471301699,0.5888655819417237,0.2744250989937567,0.535081103670188,0.3128691820329252,0.9999383095933719,0.9999154326284626,0.9920581556327043,0.9767650349373621,0.9969575305087512,0.629851035817758,0.21935933302999183,0.8728090086168865,0.7419027144560342,0.0,0.6895332069038843
0.0,0.9839583461579964,0.0,0.973654849841311,0.8730820869374647,0.9999999999999998,1.0,0.0,0.0,0.9999999999999509,0.9999989743210353,0.0,0.9905462705671838,0.9894243859663782,0.0,0.25716227188896107,0.9999980819134708,0.8129829026720949,0.7651826959610827,0.7894735470059294
0.9999999573336273,0.0,0.0,0.9989507752364963,0.0,0.9999999175857405,0.0,0.9999989240078311,0.0,0.9961698507567731,1.0,0.9999999999999438,0.9866244887449401,0.9921493390633975,0.0,0.0,0.9990564132090436,0.0,0.9998979846531142,0.0
0.9556155150593865,0.8623081580322225,0.0,0.0,0.0,0.832387530464781,0.0,0.6321832251507372,0.5115255881658252,0.9907081020152964,1.0,0.999980151403006,0.0,0.9674861477700356,0.0,0.5815840277923733,0.7786762752074871,0.6155960776157,0.8318974672622041,0.6427631441678053
0.9958626025153277,0.6623533623381301,0.06685138633320725,0.6378950888340842,0.7440783251310213,0.6017909235540279,0.2663967104991578,0.48846122969439376,0.30075172082799034,0.9979085356481722,0.0,0.0,0.9787102182246067,0.9995138965607703,0.7725695182666377,0.0,0.9472042180329305,0.9531670676000761,0.9999997068571647,0.7941269017470133
0.9999999999993243,0.9999935604689746,0.0,0.0,0.0,0.0,0.0,0.0,0.0,0.9999978260644617,1.0,1.0,0.9987539012296667,0.9994526061167572,0.9994404624709233,0.0,1.0,0.0,0.9999886664190734,0.9651234059657231
0.8404205982001965,0.6016415162182338,0.10343438436557345,0.5850843871730327,0.6722981206047691,0.6319162411518202,0.3985745940509438,0.0,0.5539415754432356,0.9775458692027765,0.9999999993062072,0.0,0.9915119043358932,0.9999999452557448,0.9999429086388144,0.9999999622384762,0.9999999995296038,0.0,0.0,0.9998445711669293
0.9999860520000078,0.9980784013082961,0.0,0.0,0.9999999999832467,0.0,0.284625810606385,0.5345805825818091,0.4243164265789595,0.9998250762316567,0.9999998824311346,0.9855933310853375,0.9538024593632398,0.9564994069627325,0.6775796334723141,0.4095422994077746,0.7638103253621229,0.5344371997509784,0.7267221783211069,0.5668970386274887
0.9996369962594361,0.0,0.0,0.0,1.0,0.0,0.0,1.0,0.999999525250302,0.999796723669903,1.0,0.9999833487755706,0.9546256576101683,0.9101087122190857,0.7850067853313848,0.5539185927105832,0.7793459997789371,0.0,0.6936883031671991,0.0
0.8165829110148066,0.5606527234082106,0.18373570405201375,0.768533060691297,0.7017894535203223,0.0,0.5505253122061171,0.0,0.0,0.9998097478949298,0.8619257476275269,0.6962921962018291,0.8799204920822574,0.9653678483528509,0.5452083784919275,0.30424629568882877,0.8162375915683681,0.7539766560939004,0.0,0.7103147410890389
0.7509035119719235,0.6602556527165985,0.4905080057108844,0.5778107693674568,0.0,0.7192368832587043,0.6337188985858745,0.0,0.7483994660527773,0.0,0.9985106755640794,0.9963661345381931,0.8838805655995527,0.0,0.0,0.701278688306847,0.0,0.7810657561525328,0.8154121176312239,0.7796957662135722
0.9999999986713022,0.9909208658754786,0.0,0.9440185997051648,0.9413833448972712,0.0,0.0,0.0,0.0,0.9999999992837858,0.0,0.999999923459603,0.992458904970949,0.99393096716054,0.0,0.0,0.9999876945069776,0.8179504302413313,0.8823029153908621,0.8378782510137602
0.8223602651112835,0.6517995575089504,0.3671480477707678,0.37540666038669873,0.6399935890095986,0.6882901722358343,0.34593349456723177,0.0,0.0,0.9771102853421195,0.0,0.9999996606482943,0.9474570895796258,0.9833122153644294,0.7903530901729109,0.5772909198100343,0.7780266231361084,0.0,0.790408861480611,0.6494720510339221
0.0,0.0,0.0,0.0,0.0,0.9999980774157085,0.9528962026226215,0.0,0.0,0.9999892723471275,0.0,0.6419294733055394,0.7421029273162776,0.6988905994248914,0.0,0.5093741209462096,0.647576342208555,0.6187715294931713,0.6023697817648443,0.6055507636998938
0.9999999977564227,0.0,0.0,0.0,0.997238899948642,0.9998811809910162,0.0,0.9965174027262507,0.0,0.9999836049929532,0.99999706816144,0.9990531233591151,0.9726319993852625,0.9887007225638159,0.753220579985099,0.0,0.973245808814036,0.8257800161010508,0.9836862401006276,0.760260295078023
0.9346699355459042,0.6453937234136774,0.07532765980881863,0.6078883533272836,0.7198413200972146,0.0,0.4110898752729247,0.997966571363415,0.0,0.0,0.999999999999994,0.9999999999998828,0.9902054669306891,0.9999060224151924,0.8837042449636094,0.4339771539419645,0.999937254513631,0.0,0.9999889359651416,0.0
0.9999999996625359,0.9993680433083943,0.0,0.9991610524117062,0.9999660916707362,0.9998250768000805,0.0,0.0,0.0,0.9999999284771479,0.999958524695112,0.9715745150745058,0.9553592710738907,0.9690346119083372,0.6288188297005015,0.3075866754209198,0.8148915019324697,0.655168952689049,0.7171604128223034,0.6444688631269714
