0,1,2,3,4,5,6,7,8,9,10,11,12,13,14,15,16,17,18,19
-0.033195360873275834,-0.3745269915864752,0.2857240046221929,-1.3185914747545668,1.2115587967291908,0.9994086619718092,-1.074289067660572,-1.1679477423096782,-1.1165506566643983,-1.2661489970245656,-1.2377731884416447,1.1103102392629964,0.9219945367183607,1.0119160432929761,0.9972857240632518,-0.9396354763572564,-1.1980874650754383,-0.27627016743492466,-1.0852793567113677,-1.043309116473031
1.096127035336607,1.0041510726849674,-1.0039114143837404,1.2129400267432648,1.2092897196626469,1.1004012473585765,0.6689894003716006,-1.0151342095747462,-0.7790145411516084,-0.4674844807031025,1.0982330522436141,-1.122787639277734,-0.8642904520052186,0.3798488483653735,0.9870036284610447,1.0578866431244283,-1.035619126889252,0.9847614377905501,0.6863973960512955,-0.26759111131437424
-1.2190411189025827,0.5738537978481683,-1.0521052223963274,0.2126690484578621,0.1832644131877946,-0.3523321728151541,0.7806359718207573,1.058380952018037,-1.1337492349817029,1.2513268822437678,1.1244445860937773,1.1073861795710507,-0.8769244961569875,-0.9550223175077829,-1.0143654882259452,0.8793642651132157,-1.100650233245306,1.0200278273796966,0.6430225999585505,1.020069703849947
-1.2190543263003344,-0.3623492262388506,-0.1386283071965181,1.3185929827951661,1.3155516299825956,-0.20963883297531383,-0.9629255983666748,1.0555408010896565,0.9573640570598185,-1.2663265110744668,-1.2040544939377325,-1.06776874526435,-0.9191809396805963,1.0101492356159936,-0.6056496562790173,-0.24723947300590862,-1.209853590270785,-1.1100641056609397,0.2987311249022256,-1.034764776188816
0.13444816942223667,-0.3012501387314338,0.24978923955251636,1.318553238274114,1.3163473722962808,0.12919397466191687,-0.40725904275700314,1.2050020830512354,-0.1554021970781803,-1.2662877551534235,1.2838206436082957,-0.385153372452602,-0.9369746879991445,1.0180242698720425,0.119332136208849,-0.5308277675236707,-1.2101448245407487,1.1391150986032874,1.085279446585193,0.6587447626406588
0.7977379951323622,-0.7538527104976932,-0.7585846564301277,1.069839280031421,-0.7075011100541712,0.8712052667219489,1.0155472740883167,1.074208084039963,1.2530748777622336,1.1940925202992223,1.2403251234934105,1.1338968919021863,0.9066481214045582,0.948375846967647,1.0564816823221486,1.240305378554434,1.1661923148266249,1.0132013037538883,1.0113299516322625,1.0413866794475652
0.6360909782136798,0.9737701402784051,0.9624828248159397,1.2121533274163818,1.1991162226630387,0.7689932244647066,-0.9571645141642592,0.5835425494171564,-1.01689968361767,-1.232269159290933,-1.28363744078251,1.2086042159110775,0.9294361452807307,-1.0206095879628647,-0.2453484508925261,1.3040224883018967,0.5989792181775183,1.1395483049898523,-1.0852793609356672,-0.2787231447382268
1.2190546885322717,0.2548867596486923,1.0521051399374395,-0.2554947575090628,1.3190088524799144,-1.2827960796242506,-0.9162113766942772,0.9944254226663772,0.6839778573363856,-1.2663497514432913,1.264597745180032,-1.1419351968178264,0.9232062852347017,-1.0013963637984646,1.0724744200797476,1.2283757072949244,1.1568497377633091,-1.0541977379247314,0.9965479598916503,-1.077223370712502
-0.6548087631419975,-0.7336957326658395,0.9066997723998593,1.1033624398660478,1.3101510990346716,0.7952266926106927,-0.8055081507493043,-0.7383366392479359,1.1581373697193154,1.2526445292625152,1.2838984082072267,-1.2081190984511958,-0.9294842912455192,-0.9955873184180258,-1.032016726322032,-1.1849218376806019,1.148524827321766,-0.7744666794295297,0.9825165732718724,-1.0131357424566265
-0.51528875936931,1.0715858487140555,1.052104001615956,-0.10100434498394023,-1.3190094989900785,-1.281545473020639,-0.9341266570512834,0.7534675128046595,-0.8123550033621122,1.266319798917578,-1.2773396844922664,1.14941596328256,-0.9269149491938189,1.003538065919187,1.0585698870701852,1.2054403166573802,-1.1554605940847429,0.8453045008874376,0.9719586502368064,1.0667851663704984
-1.1812632539773806,-1.0498979998369258,-0.7501950254487453,0.7682646316317797,0.1955265679535644,1.2383772559605613,0.6611375310205337,-0.9743749520427555,1.1758342665550698,1.2488883818558212,-1.2838984323362086,1.2086027743490944,0.9267520283373883,1.0161999234298837,-0.18510820365363176,-0.3801416185245595,-1.1880776191373839,-1.1396876603447688,-0.19643691430682578,-1.1486048894052134
1.124778559507892,0.53074794007457,0.953327952634241,1.0758083808435641,0.6702849917439553,-1.171104195527036,-1.0299390129087715,-1.094188782235076,-1.2883624295359422,1.2220206460241057,-0.4575818482366174,-1.1791527786879474,0.9174719103680964,0.9545816568984521,1.0282050631424584,1.2127905448725178,1.1640209040181835,-0.9509449465543071,-0.7914052376216174,1.0124532937474238
-1.1122350799216127,1.0008011584131538,-0.954805143059188,1.1868477311071737,1.1307289157520983,0.890535729577553,1.0243094575004128,-1.0514252964676942,1.187531508892417,0.7598655467809022,-0.39538530613639217,-1.1797210302004755,-0.9236517224650208,-0.9926595832162654,-1.0579683403888858,-1.2080269208601662,-1.1465309993481472,-1.0105836496009133,-0.9745398354459947,-1.032048501781912
-1.2190546495997447,-0.15566650343751035,-0.11495208200969778,-0.1411874662116842,1.3190088561419098,-1.2852033996824093,0.7810749458531191,1.038733783841604,1.1244282254731188,-0.6377241180628249,1.1534497342206742,-1.1498544582277757,-0.9203044899314502,1.001516187960969,1.0611744552743372,-1.2070849157897199,-1.1560387453531042,1.0494155834234902,0.9780850506350859,-1.0744471898192367
0.4328427860756406,-0.3000243333365559,-0.21666949443358968,-1.315364918104805,-0.5177758019592359,-0.5002132908963817,-0.6068877083940166,1.2050029628547645,0.17678658472635247,-1.2663751323697088,-0.12465366857317345,-1.2060753557536226,0.9326485764890298,1.0126353023178838,1.0641763216966988,1.172182627716774,-0.7749417570629257,1.0560909865295685,0.9816469212450858,1.075476003728839
1.2141362462609906,-0.9387701992150858,-0.5114171947454003,1.1534813028109452,-1.1702240386888356,-0.39468306331172015,-1.1085294299775745,0.22736090329794154,1.3349309219351169,-1.266273243452367,1.2830225718740578,1.202799303021443,0.91937956830842,-1.0026169287324276,0.7017845631265279,-1.0418308266886231,-1.1932946739944048,-1.0372909811521933,-0.9474215617316168,-1.025083933030571
-1.1443654767623246,0.983616225218157,-0.9928292207094896,0.7513001160494064,-0.677305889881833,1.182508177489444,-1.0482275961307599,1.1059867564807104,-1.3022414053131077,-1.2297498821030257,-0.6332831957398157,1.1904854869453654,0.7527883244691587,0.7000093126018015,0.765808059833732,1.1991671029114959,1.1672007763776189,0.9273902659637836,-0.9749734704356936,0.6799366249617378
-1.0850627400229373,0.7822463903668565,0.9553480335241469,-1.2087762622958764,1.1965664382806585,1.07515718610909,-0.6886019197344779,1.0058013673873827,1.0246671595302879,1.2251954403162875,1.2838760530524451,1.2086039432585678,0.92865242031252,-1.020644638854594,-0.40787051581880457,0.18018027652657267,-1.2101449147357732,-1.1396854620032195,1.085279450266003,-1.1495339710375805
1.219054619290099,-1.0715961102002778,1.0521051384249418,0.1755082420884732,-0.03887566641086358,-0.21063382130188965,-1.1104521630007647,-1.2050020595372155,1.3203933817972975,1.2663709643502368,0.2117363390808152,1.1940264073348525,-0.9286076868840913,1.0065566968876873,-1.0504147487141946,1.221241048219863,1.1644741689036502,-1.0457154696430764,1.0251235485529901,-1.0609971174379202
0.5135014526958545,0.9569486059843056,0.9497536798721106,-1.1471522851425082,-0.33922536665711367,-0.5884933416961322,-0.4036960948944731,-0.1736682921852731,0.41272233375871575,1.2431818818507974,-1.2838984190443805,-0.04777469422515398,0.9381244111489107,0.1949550987456079,0.4623910845623193,-0.21760433456084963,-1.2101447077530116,-0.47702574013607535,1.085126371243507,-1.1507064233588313
1.0724348874354397,-0.9770778195541685,0.8900998237285116,-1.1534440108838067,1.1442039856211323,0.5142300542604095,-0.9183058706070254,0.5758119404005962,0.41024266966558165,1.255050883168195,1.276367044125488,-1.1438844256568885,0.9047047918462273,0.9777001689750657,-1.0601067366239854,1.1941904712763451,1.0982204605382002,-1.0432714736748898,0.9879598297124752,1.0330263237376485
-1.2151920737317496,1.0598806718827238,0.43998757326017246,1.0750957174937055,0.4737333209225759,-0.615961002853702,0.2757013844867541,0.09743435549065274,-0.08198468037958606,1.2642982932092335,1.2838974162965067,-1.2086039006742149,0.9382650941832467,1.0166070446440685,1.1339974026452724,0.4055088245225317,-0.2566517606071562,0.5726415125384604,-1.0468454631263238,-1.0051033541341712
1.069472838015907,-1.0050512613854132,-1.0114360271049372,1.26070276086069,-1.27272151896538,-1.1122348459591058,0.988515424239833,-1.031184507902602,0.5689482329472373,-1.225136066655061,-1.2832430770572696,1.2086027674458657,-0.5971981527069519,-1.0206988716753864,-1.1430486778131266,0.1228010182667855,-0.11683867961552274,0.1499556755187277,-0.08569044605145193,-0.3189575450757228
0.6526040983760606,-0.976721517395398,-0.8672911501496013,-1.2395847642439384,1.0606333235067034,0.7630829683046595,0.9935017359003946,-0.6509954722586455,-0.5937769828788267,0.6856139404348878,-1.2718574905137185,-0.6661805329319191,-0.9326682080385235,-1.019711202691061,1.0203189158919093,0.9935255901707547,-0.3036113170641541,-1.0654045617219796,-0.37731815312209765,0.6387402878860485
-1.2131736049070765,-0.6128207823986918,-0.5190814204467727,0.3610180135333896,-1.309126758093145,-1.2787330629937583,-1.0477244929921796,1.1525575015002447,0.688445703334891,1.1868772529055405,0.18102243023116796,-1.2085903242882439,0.9182935093031892,1.0086402783085169,0.1469334566327239,-0.12848202296043074,1.2101444985706664,0.44133611908710463,-0.45751594380735666,0.6420761858183346
-1.2190535542789407,1.064096699033115,-0.3681651069233652,1.3091536370201275,-1.247594147843921,0.7278037193589735,1.0111255767461549,1.0978788966965176,1.123567101803083,-1.241506467601057,1.1704262627396789,1.092197854809094,-0.9109350579270625,1.000129658924565,-0.4462971746698718,-0.38198192256300095,-0.6007719701966012,0.6537501951142336,0.3553190240913403,1.0104300268504998
-1.219054661969042,-1.071451341792393,0.268134335375789,-1.3184256277810036,-0.33146155684123796,-1.2853198187665555,0.5153234312848879,0.26754019278616464,0.08761943352007753,-1.266362917609317,-1.2838530346427985,1.203455328727411,-0.9213032532913333,1.0013918685069647,0.6754963618047364,-1.0454961960679081,-0.48166838579549137,-1.0194163768258186,-0.9532919181186286,-1.0295195058060391
-0.7066590439314522,-0.7272158026832707,0.8596371789643616,-1.0867597949672387,0.42443369628134825,1.0901526911421706,-1.040586493501368,-1.1040978713185332,-1.2089005219111038,1.2222990401296732,-1.11713355594356,1.1124629212668349,0.7482816296396441,-0.9629049454945539,1.0682388095540956,1.213786106888165,-1.1429206124071931,1.042679414806562,0.9725249241994056,1.0413839488130068
1.2190524936929474,-0.9411294819508335,0.6490654780481845,-0.5813137287500328,0.834857930115573,1.0508833577971204,-1.0561186946686625,1.1030143680335118,-1.1021654822678182,-1.2659402816058156,1.2562720341120281,1.148726311063022,-0.7418437143762848,1.0155131176572543,-0.8480575343639153,1.1001954533426743,1.1285581303188763,1.0349943633566943,-1.0828081196148587,-1.0447370870111825
-1.2190521480680008,-1.070942321889208,0.3225589406944714,1.2894409841964187,-1.3190096038259755,-0.4155780396204136,0.42313836799651955,-1.2050040253523673,1.3349168454870337,1.2663235139355562,0.21095662083287206,1.208550378500248,-0.9332248536658917,-0.7358546636359375,-1.0274283062827978,-0.9017852683356176,-1.1232203143206676,1.0098404123739677,0.9706814481125963,1.0350674068101045
1.2189383191805983,-1.0714916770865237,0.2844369611547139,-0.19670754772641158,-1.3190088795097603,0.36743118232152794,-0.4759430292189699,-0.4745035319545099,0.7219731747070807,-1.2660436984941938,-1.1254741456013564,1.100498539957225,0.8894420078898052,0.9760919979812626,-1.063250933650198,-1.2205981609643792,1.1392331371098778,-1.064828109468809,-1.022196743081252,-1.0535810185144088
1.0854591720200886,0.9884370948859432,0.912951987247148,-1.249165576339218,1.2820107218069483,-1.0305162832112567,0.6036416275966071,-0.38166882409345904,-0.15450116404972586,1.261767971499629,-1.2838948287001983,1.2086038454706138,0.9342979168737522,1.020288437890141,-0.9955923399028697,-0.6218738967826762,1.2101446167069936,0.4800190144317903,1.0850194209688198,1.050447165103182
1.2190539176676138,0.48455106762844946,-0.49049157635436974,1.1607301365470692,-1.1809869910909803,1.1321527916111371,0.9106234805487027,1.161977915248371,0.35086644531977657,1.2663712770746431,-1.2832275987421147,1.189486596876784,0.9327135462978221,1.0140413345818828,-1.0628574606848475,-1.143138573545882,-1.132838082224761,-0.810782546301392,0.684073765284349,1.0590638551816394
-1.1693685102813278,1.0297983454310078,1.0390581462701913,-1.26424927656236,1.1489368054916973,1.1713043575877637,0.9614807085243985,0.9959317343980264,-1.166648639779544,-1.2466874790605562,-0.07642966236089827,1.2086038908397696,-0.9256982704181906,-1.0206122173998857,-1.1425830493123972,1.3009778561693148,1.1715126888191478,-0.5381772005981781,1.0848040933584384,0.25378273653788946
1.2092127356701652,0.3684578321539781,-1.0515837237644596,1.2694317529245902,0.334086930624455,1.2851815762405359,-1.1097783307310571,-0.17709859541307732,1.3346983915984094,-1.265844432875531,0.5298447725097433,1.2013072976456562,0.9183191235660741,0.9895241932808782,1.0583454974853477,1.2289308483844692,-1.1413730555641428,1.0429843419746194,1.035867012135011,-1.0482733268815647
-1.1285137955567535,-1.017056475209156,1.0362469457945809,-1.2532432854636613,-1.188762663881024,-1.1781799604703165,1.0593078860426999,-1.1304224104847593,1.2469825139159794,-1.2513783393189537,-1.2838791478209606,1.2086038024761276,-0.926237771228908,1.0206979022394085,0.09227862248511329,0.2827301928324436,-1.2101449149723302,-1.1396877008221333,-0.061031884800174886,1.150938684810461
-1.109606178848039,0.7063790032826264,-0.850653034427076,-1.0788748916587285,-0.353743304395793,1.2845922705489727,1.1109968686004212,-0.08540357825309633,0.47468398935160666,1.262931432643977,1.2838984117435763,-1.2085727553411347,-0.9171778625764511,-0.9833770549129498,1.0450975118255532,-1.1902560453536062,1.1090519324114405,1.0417598136508666,1.0264407860550586,1.0128775790578441
1.1275508229330171,-1.0013299013443866,-1.0171980919760761,1.2123083538391568,-1.1260940406624282,0.8630152536421489,0.965621312933662,-0.7860386755339738,1.152860806036321,1.2008695419735342,-1.2837512484536875,-1.2085548646103619,-0.8989967508337388,1.014971143917074,-0.3325317970756323,-1.2971206551991508,-1.1424891792020242,-1.1321734780270805,0.5434185997385392,0.43219144547335825
-1.0336221051879804,-0.6853429570176209,-0.9612542627016226,-1.1589616760266197,1.1557635870486598,0.8208899815638082,-1.0056376817449086,-1.08138901600456,1.15522018551661,1.1213925855230462,1.0976726282344884,-1.0581538496580756,0.48549213307034034,-1.0043003268959179,-0.5738374801940144,0.4285620991885159,0.5850528607128694,-0.508644358225751,0.43671843659018256,-0.24026374363117162
0.20983373053258503,-0.26603594941318065,-1.0516179176372118,0.5724151541115813,-1.3190092686320085,1.1203013613393995,-0.9853389746765208,-1.0687528719701245,-1.2307831966715812,1.2489584320275717,0.4313636663268988,1.1602617341812116,0.922591675767271,0.7587343883748351,-1.0167184606417072,-1.153971720296592,-1.1399732795004962,0.6599708063936158,-0.9657659142898781,-1.0285116135829908
1.2190538667049318,-0.25302683081994687,0.16486588019571766,-0.6763850795866754,-0.5559955242478053,-0.21104765012465687,1.1110074176326703,-1.2050019970068755,-0.10590216464110552,-1.266374386936038,1.2838971506202062,0.3945931677353531,-0.9391051243703835,1.017707055363105,-0.6858351436005548,-0.6363933117035175,0.20152816842837937,1.0648107444596047,0.4253375223177619,1.0251643153860588
0.058242803170870876,-0.12085593243571982,0.13467441860982665,0.3732279280272808,1.3151049167401214,-1.285300651423472,-0.9637740456897695,1.0453861068063424,-0.7099931395807553,-1.266374998906722,1.2187248668198556,-0.7607551448225043,0.918429118349503,-1.0097298076861518,1.0615644072027823,-1.0884018854973152,-1.109306731699149,-1.0777670433503608,0.652620337356996,0.8458451011725377
-1.21804971451259,0.32336825006791986,0.28922396056927113,-1.318314203724532,0.48179258788099627,1.2123315258976033,0.5780102252795003,1.0187791486615443,-1.1227187177151465,1.1641610113485141,-1.2326607443844197,1.125796505470805,0.8856463501536819,0.937698263932978,-1.1264643000401449,-0.6942851171676963,-1.05748782788358,0.2827606758445606,0.40367403258678003,-0.9780068619815464
-0.2242731573890032,0.19966618233979466,0.1877929677905468,0.5360046307671105,-1.3189920143804106,0.2514789500648365,-0.9633475010818063,-1.0632150501865982,1.0628232674236429,-1.2601111691943687,1.1634489113971007,-1.0725775356964227,-0.9031782414677294,0.9902526239313162,0.4127130811874852,0.4403590234103676,-0.676555965586675,-1.0790614044339015,-1.0851908842830278,-1.0153844631568083
-0.5764510435085888,0.6272834150703627,0.40924078667994424,-1.090278147819642,-1.3067382101223612,1.2853198004451047,-0.2113953947366686,-1.2050020555076304,-0.11164311288621745,1.2659031114470927,1.2838983842107141,-1.208603801901048,0.9360855795783039,1.013382099203073,1.0265634230193539,-0.9865524568569284,-1.2093661204649728,0.4574874166210478,-0.985804008728955,-0.643172494324405
1.2146233960303365,0.9640154995674096,-0.8960582451569228,1.2287380107298678,-1.2736373392414124,-0.6829643344392011,1.0368392646446511,1.0902836220766967,-1.0198274554990436,1.2458666789121895,-1.2307011145900253,1.1986392855435968,0.9281022611715597,1.0206124907018657,0.5860358864725607,-0.30165945434916747,0.32133319321374715,-1.1391269105545894,1.0852794604822986,1.1323237379922504
-1.219040873301613,-0.9771157762999001,0.8199137494417073,0.5799603533545351,-0.4989859304443692,-1.1067290885592596,-1.003724176224807,0.8627766384707849,-1.0770910599904584,-1.250980108655325,-1.28378968485833,-1.2086027339335514,-0.9339696488778243,1.0206604469621303,1.1430486201276595,-0.23868773217799116,-1.2101445514619047,1.1396877412200654,0.05993791126724688,-0.44582648151744236
-1.1863220492953541,0.526636723027388,0.24430875802477386,-0.17590507061094066,0.4271950041081937,-1.2853192935992903,1.111008021743339,-1.2050039641006125,-0.059177176956949976,-0.15334007994244547,-1.2838984537712892,-1.2064192578850221,-0.906020409942803,-0.9901446998918417,-1.0795916005653545,-1.250784310552072,-1.1264047800377794,1.0831382687825601,1.064975524809078,1.0786294081868169
-0.13120391510905238,0.36727696231590207,0.5994312337555182,-1.3095312752861,1.3116578737812465,-1.0600966066063764,1.015358601911881,1.120305835734233,-1.200617745699356,-1.1751511758188766,-0.7812826064391929,1.0745357803334143,0.6859283777906391,-0.98323116829102,0.5177995425761253,0.26248086329251924,1.1301447955903532,0.6358098095028248,-1.085258818503012,-1.0246044831234615
1.146466603010133,-0.9984153009072846,0.9519877726165009,1.2527626811261423,1.273752796208,-1.0972473271170518,-1.022621859778193,-1.0270107400054809,0.6604339351030283,1.2594448894203514,-1.283722048036016,-1.2085657142152484,-0.9347595810354841,-1.0205261802141923,-1.0048840677359765,0.9493925052189881,1.2091307298786953,-0.37745334817685977,1.0852798260458287,-0.5504992250621504
1.1819684824407108,0.4162202465790167,0.6728600953245735,-1.0957852604705225,1.1951285923005992,-0.5731727260387617,-0.4576606011779047,-1.2050020590077313,0.059671742502016394,1.2572888346709492,-1.2838984555299717,1.2086039154291888,0.9334910303417533,1.0131301876046248,1.1110634707367655,0.6084680365502175,-1.210131347741241,1.1064831208527612,-0.43558024669295825,1.0152788446246255
1.050443809901997,0.9419331123887971,-0.8679631881119582,1.1695060195443383,-1.1774950213445896,0.21601023769945887,1.1104289608477675,1.2050020403787727,0.18508093363826147,-1.2211438230024454,1.2807399977759721,0.5396408484271206,-0.9299887490379307,1.0152940208772345,0.5767358358343971,0.4262526287714078,-1.2101446930336943,1.1051455591843704,0.3633631258315566,0.33361741628777686
-0.3424120325155716,0.4673879724397721,-0.6612375730741165,-1.0274693504202346,-1.3189512333889282,-0.6769187404049238,0.3335759661420602,1.2049427130966843,1.317704732624321,1.2202162488247141,-1.283898402036208,-1.2085623766329987,0.5968297421132919,0.9662786293972853,0.6832705352388954,1.0717425186851297,-0.6382237626601978,-0.9472645102289184,-0.5725937371880593,-0.7189073189703116
1.2173420353414401,1.0418017072659032,-0.3890446015989275,1.2118524776011719,1.2814475750401502,-1.284413834002684,-1.106911665983036,0.3703481630302081,0.15142848904693523,-0.5769412401275446,1.2838870368013329,-1.2045490016086982,-0.9179642514040002,-0.9957403880116493,1.0187014647977024,-1.0891882771096277,-0.5539322342580862,1.0140525434600713,0.7429111106217908,1.0296585858924008
0.548737788480442,1.0709968386842708,0.14840856774000974,-1.3183832645146085,1.3082079414695107,1.2793002093789665,-0.9600682482565711,-0.7681583439522955,-0.9575281882315153,-1.266375949629675,-0.4847723115747166,1.141642868028839,-0.9331627517357519,-1.0138499677164226,0.738074250232476,-1.1084261072248944,-1.1251967325173087,1.045049098512659,1.0029601701981747,1.0663423998742902
-1.1257512838560937,-0.8137725559980985,-1.0284311004595625,1.2322809947550342,-1.1368226438578346,-1.1362280607106439,-0.9369253583929616,-1.0069886769844714,-1.1300515537264832,-1.2285622875461142,1.2838971557172463,-1.2086039641659416,0.9296925582059546,-1.0206987019913507,0.05440841799370271,0.1376618177531193,0.10234302205360754,1.1396877560434864,-0.3700676457475984,1.1509378057695363
-1.0994187551906285,-1.014930914675562,-1.0193373157109629,-1.2446150568568932,1.2549889905255711,-1.1637423351339686,-1.0004387719639622,1.057993909303557,-0.8151252971063346,-1.1779705495599222,0.35652041665600587,-1.208572438029315,-0.5124977546061947,-1.02064083815929,1.143034786868581,-1.3040314853164077,1.210144899642066,-0.15340898962498076,-1.0852794681739417,0.6189146731783185
-1.1626598243742339,1.0219209027042957,-1.0225795865812,-1.1987889976987556,1.0664773909299343,-1.2138940710428017,-1.0518672707440995,1.103796314026089,-1.2888085537873317,-1.2143494087186444,1.283533587039823,1.182199676326064,-0.91142871376789,0.945536706096221,1.0332798561209855,-1.2165434697233781,1.1590475261590656,-0.9556323377244982,0.7898699192162059,1.0049996824984702
-1.1568004714282176,-1.0648273795250796,-0.570778118500354,-0.5388402413574103,0.23531385420153486,-1.2852567381193307,1.1109267276402264,-1.205002965260757,0.23089052757793946,-1.1802875975962424,0.6110390081321362,1.2086017667153952,0.4739969999721758,0.5894701922885534,1.142688084451513,-0.5691225844053442,-0.46236837065408987,-0.25369995842542675,-0.509854579419534,1.097280138645162
-1.2190538700732783,0.3079133323849983,0.2024281090428839,1.318587352948965,-0.6655674712712548,1.1755700908474298,1.0092257275755003,1.0771357233502106,1.075752258795047,0.11556253699785227,-1.229270667421933,-1.1416774686316515,-0.9323924123819304,-1.0117631311352946,-1.0419336545613958,0.9095337998308262,1.1255741225986011,-1.03122228298393,0.37808746111537905,-1.0607111326106458
1.0495357198927477,-1.006814115019405,-0.9495772298679814,-1.2108584724845703,-1.2511073272824964,1.1606572731224298,-1.0630834633579602,1.1248195321674637,-1.1756472051806257,-1.183356130082308,-0.8068577329430678,1.0684239968503628,0.8967986589221068,0.981546384785238,-1.0437832029959575,0.9150128670365725,1.0819577821176172,-1.021080289621222,-0.9452787981064897,1.0237945045309955
0.17575754204948996,0.20213368635366166,1.0521052213053663,-1.31859324801823,-1.3190079869409186,1.28531988183655,1.1110076753999238,-1.2050020441063645,0.18476970271803525,1.266372689825436,-1.2838983828500823,1.2081924522271605,-0.9284790201583457,-1.0066194144530578,-1.002557568189137,0.585961217271049,-1.1869677152026634,1.0094780171676085,0.9657155722755216,1.019853723237026
1.2190547427273755,0.3991129948908361,-0.24206840824628498,1.3185932383200223,1.3188140413931488,0.09222239022477274,-0.976923250796199,1.0516652947368046,0.990109298200024,1.266371741372887,1.2062361882949575,1.1112219874976488,0.9239764954070702,1.0097297453836271,-1.0137526671725783,-1.02335785761583,1.1159192700682843,-1.048252741958049,0.2448093631210623,1.0325791834021372
1.1141760122303852,1.0087640062085408,0.9827600860205996,1.2028498162000527,-1.1515152142283902,-1.1833021943309527,1.0613268496577999,-1.1126404138847785,-1.2526125382478934,1.2271875828271086,-0.683375182014246,-1.170528003984488,-0.9195980669791839,-0.9924991917925688,1.0314018974481416,-0.9371886446743862,-1.1293380449588826,-0.9737106345126442,-0.9627806370645611,1.0109559728385495
-0.17574685016683136,0.4497657274022693,0.27261012245340166,0.47179766891083247,-1.2079310314835383,-0.590324122384695,0.9761304193381671,1.028622501578494,-0.5458027383203947,-0.4931031264405241,0.6569824573161566,-1.1027521172994739,0.9286862383230624,1.0134071382527996,-1.044552199722096,-1.0683435906199612,1.1454466754219814,1.0547713790223299,1.0752503820822754,0.7107661248874648
1.219053753524305,-1.0589758883486988,0.698186083535253,-0.7086212233522116,-0.13151145644248924,-0.35182012717372446,0.9685576991362879,1.0097960145320173,-1.072849663995502,1.2647876314832407,1.2833729921260715,1.1916880354902857,0.7226777985555407,-1.0124693799455036,-1.017137733970796,-1.0689327596539302,-0.6855706311198732,1.0058234869388316,1.075685201414675,-1.0138358177247393
0.17552629535724903,-1.0715926175131907,0.5120288464143864,-0.22673929618778024,0.29977268871513735,0.2458332329421304,0.6354154091411893,-1.2048693197634062,-0.19344081658690604,-1.2619785079421133,-0.48529922216424765,1.2086039454120874,-0.9403453224709099,-1.020620771180961,-1.1430486785753773,0.15372700487306684,1.210144752170738,-1.1396882112602338,0.08724214826323329,0.19730931304120292
-0.5057863945108358,0.9643482605998369,0.9417335599348943,-1.1888160836911148,1.1269899123775884,-1.0959111998764581,-0.776680208601994,-0.9831648395576381,0.7974665848187166,1.2485908633667546,-1.2838984264520195,-0.28069662396223793,0.9308979239203288,-1.0198903061937192,1.13769053120246,-0.43504619867482025,0.35202833570921244,1.1383732268146314,0.4335506621710091,-1.0543558833831859
1.2190538172206775,0.3380854053892222,-0.274437374363202,-0.2855106461421267,-0.17999325419473378,0.5807833490495244,0.9447267511138201,-0.9972485207128531,0.6939095449261197,-1.2663655342218318,-0.5981874264810092,1.150585824591923,-0.9298767642818795,-1.0074727841008135,-1.0793591456924805,-1.2270962931839966,1.1594667443224445,-1.0560289309726287,-0.9782106375719729,1.0767169462359918
1.2183871118294691,-0.9564842133871184,0.6790080438253554,1.2084396974210785,-1.2769557204707163,-1.0404193713595615,-0.8953025626380895,1.0492216302610242,-0.735429044430689,-1.2663722327036306,-1.2143237054839031,-1.0901119637760506,0.9266142704673076,-1.012510901264061,-1.0980672608985587,1.1848394892058267,-1.1137739097593826,-1.0841498446358988,0.9442862186967216,-1.074501130569503
-1.1859443469974895,0.9509102314429912,-0.8838584771385662,0.7180639429582819,-1.1368101010471392,0.6292801242922075,0.9205011645337193,0.609294153622506,0.3638977189611512,1.2481743919076962,0.536506809355016,1.20860396490542,-0.9332693226268453,1.0205281183444221,-0.4060611459671557,0.34114444541572797,-1.2101446239242548,-1.1396877410605706,0.08871595946099375,-0.5555886877496817
0.3586791909871158,-0.2912943251409758,-0.45393693258061213,1.3019423703307529,1.2894782190943774,1.2853199930414294,-0.17502931840048652,1.2050025602567038,0.2240193807001054,1.2663721179154128,1.2827229747186635,1.1915413649220516,-0.9167056377290933,0.9962491661454371,1.0259392918353727,-1.0619348294221274,-0.6969464449757989,-1.0532531175339501,0.9571345261784552,0.5811111650803622
0.2665113647909974,-1.0477509289114426,0.36837897389053864,-1.2980933609878977,1.1719520077664407,1.2853199607119379,-0.18129046766244283,0.09895232673888946,1.33493090327978,1.2663758438346442,1.2765102863641704,1.1572325356946,0.9087673623068955,-0.992517139102723,1.048635479754299,1.091074619236037,0.47526643656684175,1.0743934421800196,0.9800441839209066,1.0408640053719456
-1.2114213026458929,0.5284278750921689,0.6990651449885477,-0.6718285260921124,1.1873960738381002,0.5982595291486548,0.665241637500756,-1.1994736059704583,-0.3169958282388341,1.23874875072435,1.2838969734472097,-1.2086038821588507,-0.9316066908733093,1.0195283388714205,-1.143036287752087,0.32241598326081017,0.240397649786415,-1.1396856536127713,0.19206848133778062,-0.5070583230347719
-1.1279797626778707,0.8068177283404571,1.0060031088186328,1.222459178066841,1.1204715819590911,-1.131479890884645,-0.9848081356732964,-1.0275847063277646,1.1667377948588034,-1.253676222367431,1.283898397322964,-0.28824272896246483,-0.34888129266484846,1.0206889883603174,0.26226726822048724,0.23467195261642404,-1.2099821718087798,0.3150271301469384,-1.0852794481963386,-1.1504810984326925
-1.21905419432552,-0.39839653110618767,-1.0521052567284135,0.14672163216315706,-0.3611797899742908,1.281864857024997,-0.9479387823286438,-1.0088863317423844,0.6591580895366712,1.266374288177585,1.242553603338079,1.1353287130221785,-0.7503150159117823,1.0076989754873047,-1.064325846739556,1.1814886780391762,1.1339485265652145,0.8392934036572329,0.9554467250306272,-1.0726523353795943
-1.120255133604039,0.5681947675939514,0.918935715308324,-1.0726546579367362,-1.3162934985662178,0.6856511164909092,0.9646957749458269,1.015594040996929,1.206993078711107,1.226710082580762,1.2838923884136904,-1.2010280021706434,0.9157350013866208,-0.5571464893730463,-1.0107410546140867,1.1406718188871376,0.882263292157781,-0.9421676238800217,-0.9691279827746861,0.9869998818743841
0.20007688059603823,0.2215596661160839,-0.21740551475670414,-1.3185917742071371,-1.2901151658204388,-1.285320147757949,-0.08310835928959676,0.27924213645589996,1.3349309277240604,0.3237443317795364,0.3952497545686187,1.208582313578915,-0.9389477141246277,-1.0146579021580042,-1.1144552971987027,0.16551802691630305,-0.30751834222525976,-1.1149410236175976,1.0852734083110243,1.122714553835799
-1.0796962324087764,0.6585643613106124,-0.5807124442541161,-1.1206541617080246,-1.112987661934501,0.4498806774912886,-0.12590823475156027,0.11348059364051327,1.3349309017665294,-1.2029722511240295,1.283898436247163,1.2086038488181419,-0.9413574274700964,1.018976436738691,0.2807860220212064,-1.3040314195037046,-0.09068435799575295,1.1396685484657154,-1.0839639274639834,-1.1491174088970046
0.18631323305434616,-1.0714530227450272,1.0521024833957129,0.5786816878282696,0.4232165598133923,-0.3614773153382014,-1.1021160902192748,-0.29637519729344264,-1.3349312883968225,1.2663275846576927,1.2834891497178835,-1.1812156561788036,0.9189407507642633,0.9990440144642861,-0.6981712268290103,-1.0857344037506962,0.7428187523375644,-1.0266135729523556,-0.9589831971333965,1.0327456719155093
1.2190262794179878,0.29764825683476365,-1.0521040234309307,-0.2737708272086937,0.06624093293790694,1.2853192593004168,0.17086731126225127,-1.2050020061169118,1.3349309168592385,-1.263948556182544,-1.2838984587207327,-1.2086032838284217,0.9220526439023218,-0.9842282734102823,-1.0464954331441194,0.5952197552549249,1.092174373184217,0.9586837621308093,-0.9887577014677679,-0.9864010964023687
-1.0725066357830524,-0.9404912484974153,-0.8781573865077372,0.670986271234713,0.6760459773870638,1.075379748252525,-0.9966128513457827,-1.061183776566898,-0.8713402329500957,0.660136870136997,-1.1343784870073912,1.1000325523828498,0.8882226512169966,0.9807063616783025,-1.0102987849346645,0.36339759764705426,-1.0835162779860248,-1.0570434830594282,1.0794637584134705,1.0010554730969758
-1.2190541773163734,1.0715954053935597,-0.3346718293079252,0.3413157781503986,0.10390100901451108,-0.05976592647742675,-0.49333266463854175,-0.32083101721290347,0.45416129396058963,-1.2663713252934263,1.2838964362338883,1.205027436683481,0.9336879322500216,1.012986322834146,-1.0109912927012537,1.0408352507866947,1.13350717749693,-1.0240847874552537,-1.0456301448748357,-0.5091870798154305
1.0982400946166992,-0.9532944086023998,-0.5724832718941396,-0.6450664256176134,1.3071357189424615,1.2616555592670413,-0.37246702896057404,-0.33882426795326864,1.334415287749877,-1.26228893813079,1.283870503069066,-1.176519876050424,0.9014539964592011,-0.9705632463114033,1.0536086621319354,-1.202689230824539,-1.1112622279095234,1.045124392340041,-1.0224334285218264,-1.0362122515003438
-0.44257357516639767,-0.9728275213569321,0.9011046237038004,0.5816392777567898,1.3134636418225647,1.092325813612926,0.9778052913449213,0.855790211872913,1.1701892701813983,-1.2305932070394734,-0.36562679608889626,-1.2085939020575496,0.9191821153408941,-1.0194094630007473,-1.14304866295754,1.3040314823329344,-1.2092231281197925,1.139687656798913,-0.12250275147800002,1.150000034204546
0.27661464537554753,1.071144214276151,0.4272333330385804,-1.3185573165263649,-1.3190088676898593,0.24637085664431327,-0.7541280522118413,-1.0266037418598526,-1.1475635327565734,1.226145341393512,1.109117535824476,1.103204466824703,-0.8937338576395191,-0.9590237794888558,-0.6562245350290581,-1.1031982325157061,1.097396136769688,0.9838022921708914,0.6285293943386563,-0.997603632794068
1.2156086248026656,1.0339712827434901,-0.4285201038680365,1.0570753048000523,1.3189357922648621,-0.519411648701037,-0.6528922463413519,-0.258355788870033,0.4704124226637155,1.2660236388053128,1.2838973339347737,-1.2080171785013094,0.9312580865048262,1.005789628591982,-1.049024150849299,1.185208912173309,-1.1317897404962753,1.0208695744617549,-0.791160576784346,1.0454093412910053
0.5116075341814492,0.9730844502946152,0.7799621546522687,-0.8835710230434257,1.2937650483891685,0.7647345351580483,0.9731935824265757,-1.0941229115932647,0.24285677242645878,1.2663756899767042,1.2181412306532673,1.0563525749492395,0.9226279375338337,-1.0128584117498205,-1.0950500339615516,-1.1652256078832712,-1.1415373056582572,1.0874852661638676,0.6851130861302495,1.0686891859348349
1.2158923811508264,-0.9780826642462582,0.7199348637428087,-1.1405445564057894,-0.6232656865469742,-1.2852742870280234,-0.3280483546735403,-0.178654420015421,-0.3337948919895625,1.263829787807938,-1.2838984368127082,1.2086039292074018,0.9397852225129871,1.020145392601735,-0.37104318662016195,1.2860601518716288,-1.210143585231863,-1.131123159734671,1.085166014283034,-1.101938097728521
0.2296508651546402,0.5784837097614276,-0.5072499740143985,-1.1301579419209178,1.2100536804480868,-1.2708086526405893,0.7048718633683191,-0.42043587525449466,1.3342876614859032,-1.2663618348850898,1.283897327405297,0.3151103174128146,-0.9365301895196666,0.6225792878872181,1.048652253506902,1.1163661389011146,-1.1454107465398846,-1.0319945313113223,-0.9781119015023986,1.047036212181956
-1.2190547069360567,0.16910772952169054,0.1240993209774379,-1.3185929825868823,-1.3166347971147383,-1.2846277336673613,-1.0119629738153306,-1.1009532946208775,1.0133599198148862,1.2663750677960948,1.2263072448584547,1.1364623938098983,-0.7415191776686704,1.0068339671222906,0.8948002499940342,-1.1051889818429268,1.0931824890613777,-1.0722631350633876,-0.9842110072942395,-1.0706849844422255
1.2172483415520317,0.9447312774416528,-0.6658026931441209,-1.1837968825067031,-1.2114370442184692,-1.2754807478161392,0.4376849858672403,-0.233973965780435,-0.3017223383156403,1.2663732302039405,1.2838965646431435,0.5599234837347822,0.9337635130710231,-1.0155074582684336,-1.0643582415517279,-1.1313104649898735,0.5491940822302969,-1.0601734805064584,-0.9571478323128206,-1.047957880971689
-0.12889118038427352,-0.34899733866425936,1.052105301842852,0.49234009653421473,-1.3190091000279838,1.285319343500415,0.2171886492621588,-0.22026325912600514,1.3349309159735103,-1.2663704164113243,-1.2741429727004943,1.081874059433811,0.8932559481496622,0.9814742625966167,1.0357425919180159,-1.1317927221515793,0.6621520971568081,1.0522473125629697,1.0016915374683786,1.0438714099096016
0.23962268835284847,0.18687495244092636,0.05214466954489901,-1.3185940052636882,0.6423117262806011,1.2843736734865623,0.9606292740689143,-1.0546642607711043,0.9890204576546794,1.2663700927596984,1.1813669168901522,1.0975085491138454,0.900985704452407,-0.9932347368547664,0.9934070370101968,0.6683257439813637,-0.36507077309086816,1.0372731453439246,1.028604048380031,-1.054899941621856
-0.5567980511156141,-0.6633421144816907,0.8736740300951467,1.128549049674786,1.1474603434956363,1.0848984666243209,0.7831430046935686,1.0261516501585846,-1.069069612507736,-1.2016167283074326,-0.5613295703689342,0.5139215682131801,-0.8833273159770739,0.9544178352365418,-1.0355167787073556,1.129852085973803,-1.0686539614360686,1.022787512579224,0.9625895857671309,1.020891761002641
1.2190536615633594,1.0715906775314616,0.3493426644912417,-1.3185907657159595,0.06844501603694723,-1.2801837029046006,-0.9671579451753839,-1.024430875516799,1.215637126703421,1.2639727870758501,-1.283861798704822,1.1800109317955694,-0.9326321187784631,-1.0024502264827908,1.04500760627984,-1.2100103457234594,-1.1773332499603024,-1.0060031485017242,-0.9769447346114366,-0.8459628438931098
-1.1291383929437855,1.0097444152584318,0.9761676813523046,1.2543646751184372,-1.2090986442646232,-1.0889021607696712,0.859388245921608,0.32405440209717007,0.32987185175654943,-1.2608273009750057,1.2838984501734771,-0.1281483147710743,0.9362790320270641,1.0198945722516537,1.0167681896721434,-0.8078059798005962,-1.1966992517487816,1.0019037915234217,-1.0379350209803686,1.0057304494154724
-0.549299340391017,0.9414912084264423,-0.5208059590088607,-1.1635200691923655,1.193752468958958,-0.3044205838655813,-0.8760601202867121,1.2049050935135475,0.2560676518716471,1.2663719397060573,-1.2838585273643472,1.2059685808350578,-0.9343162942613311,-1.0160360453406494,-1.0515601518054187,-1.1107597659119013,1.1637940715885624,-1.0497867433368713,0.5326933062963957,1.04598988382208
0.32369397577224424,-1.07003385157757,-0.2974295135921915,-1.2750612680321565,1.3189926740242304,0.6561970226819535,0.8411628509613208,0.24428546963049733,1.3343675072578287,-1.2663316602356203,1.283897334972115,-1.208256319499434,-0.9347746111248656,1.0117652594802833,1.0417489664645152,-1.1502023809255746,1.12818442389068,-0.6915325177659372,-0.9706083694609788,-1.0538827361238245
1.1970613983271663,0.9602679927310106,-0.6678357661844362,-1.1276915818998274,-1.2550202453192854,0.21352618943251406,0.24932157049306444,-1.2050020509350254,0.057014718226423476,1.2663471400385315,-1.2838984131536022,1.2086038792114808,0.9377836132504179,-1.0148403800004375,1.0290792585942832,-1.1040615108186378,1.1891085189178858,-0.7944482119159305,-0.9784255026346333,1.0196467028009453
1.2160138390649495,1.0192677970865593,-0.6419635410324571,-1.1023911537507949,-0.5397731533150121,1.2839768593581342,-0.8874258954961983,0.3502094891375781,-0.5174079227029814,1.2451537986358565,1.2838970062236061,1.208603873285815,-0.9352124734552049,-1.020191973418282,0.29408096010695467,-1.3040314642752415,-1.2101446216694918,1.139684006595881,0.22000696681192866,0.24501476665483504
-0.5668166964473026,-0.9638483961461934,0.8958691185826861,-1.1350383324311017,1.1551524487976028,0.8590895973248679,1.0371701589825928,-1.0989148800076542,-1.1768070597423994,-1.1906606703235811,-1.1229228011689913,-1.0894707926143978,-0.6602836947068998,0.9553073786652868,-1.0611278093442116,1.1887965022968279,1.1135559188668829,1.0369769509948772,0.962565451445681,1.034648987102612
1.2190538742841515,1.0715953090016377,0.2057809313490974,1.3117044912410503,0.5700835302810762,-0.47587736327707186,0.38808154435952147,0.20807123728733848,1.3349317064827064,1.264930624381176,0.32851770441826816,-1.2086039680229026,0.94004970200451,-1.0203131301609922,-0.20375892630324646,-1.304031807660839,-1.210144778863432,0.13311719318750562,0.17727732658340478,-0.5754186006634666
1.21905463305246,0.4919685128983573,-0.24554783094850371,1.3147908153452121,0.7458973903515106,-0.46795487009054615,-0.6889279384453624,-1.0162266573072343,-0.6947162171243396,-1.2663750229455437,-1.2567914815595576,-1.1299692341314256,0.9329768858295256,-1.014785275010363,1.0962783204258848,1.2055321226260456,-1.1343123458225655,-1.087693855314588,-0.9552664703242768,-1.0892841052035538
0.8063782929810075,0.989349356285664,0.9493205637528571,-1.1667952196986289,0.764309518571211,-1.1407482606250734,-0.8584811599008759,-0.9975223728588946,-1.17549104794037,-1.2512763542380463,1.2838970114735782,-1.2061946152491758,-0.9289535849852661,0.995679709758047,-1.0537646172695314,1.215171703122078,1.1575953682650806,-0.9952533385249733,-0.9905513535969452,1.0298932736605146
1.1282450159897235,-1.0150070468962835,-0.9971477590551018,1.20301287915372,-1.1400138283071755,1.194175698683073,1.0557507301088398,-1.1053296506792274,-1.252429349823127,-1.2172588775706707,-1.2771068724110093,1.1675087930845534,0.915272676888602,-0.9784889083969832,1.0359715856005056,1.185008675791137,-1.135427989203536,0.7646058109086521,0.7340654089937806,-1.0126629438886214
1.0624279415980167,-1.0008596685212348,-0.9293624347213236,-1.2668106551633704,1.2959175591671723,-1.0220256523712852,0.5676002084278047,0.26893002855642234,0.09062356367058635,-1.2642729432136142,1.283898377317775,-0.16669796020079602,0.9364176965406882,1.0204470076526333,-0.9948279179498657,-0.6255219170923461,1.2101442534128095,1.0845566439878298,-1.0835634947938177,1.0533358025290738
-0.2846264762127144,0.3333406669119707,0.474134135024354,1.316587477361082,1.3036832192612957,-1.0534646306936262,-1.0297911504284725,1.1244255091121478,1.193031130139611,-0.48869642507117966,1.1402577553611672,1.091886936505436,-0.8977968248841828,-0.971572597995084,0.9920146394228224,0.5906172867197208,-1.0705040448623986,-1.002853800891954,-0.4664174140114127,-1.0079336835262922
-1.1094565701684858,-1.0077873851038301,-1.024060727889075,-1.2516802999259504,1.2250277895529245,1.150664421071719,-0.9735503900479257,1.0374655010433391,1.1217758592488383,1.2111296417796509,-1.2838495687592342,-0.20308539180864751,0.9231619717841486,1.020697127732066,-1.1430484010163109,0.04232103766995953,0.3157479917984153,-1.1396876422110056,-0.3989738857736017,-0.43976641928092985
-1.132073789765355,0.9869780913260533,-0.9920281540141365,-1.1849466687273995,-1.0951928542430374,-1.0953194467205607,0.3353804158241687,1.2050001851793288,-1.3336356646251015,-1.1776939609619745,-1.283898458338788,-0.35591425821347383,-0.9010730135206227,0.9723118100750913,-0.534699880997173,-1.1005212485777005,-1.109759634441737,-0.4913888433112207,0.9605137093365618,0.9783045546770018
1.1658550576847542,0.9612844656903204,-0.7934216765281821,-1.1741126881281827,-1.1715264605684694,-1.0823544226105701,0.9705780964194181,0.9981241442591241,0.6741691514893964,1.2557857914998984,1.2838956910839807,1.2085688089176594,-0.9311764674378415,-1.0181959481293783,1.0177300163632628,0.5701470859380486,1.188347112335262,-1.0903641172586898,-1.0847772737898218,0.7286446038957864
-1.2161585780628288,0.5818430166522234,0.8420279346343678,0.3259078711304723,-1.3186414813053375,-1.0998375971726058,1.0596110249964645,-1.1496512735364475,1.2720656284354748,-1.2321666765181454,-1.2683432323563755,-0.7007726886431754,0.9196530515042454,-1.009080804531985,-0.49465743443256266,0.4711254699912639,1.099760301209657,0.29672176965603214,-0.1512254060267235,1.0606173669880044
-1.0917939244412957,-0.9780226451527634,0.8971538545143461,-1.196035534080933,-1.1668066906757697,1.1666098240438854,0.2507376239204457,-1.2050039680789584,-1.3349317219365129,1.2624408109989997,-1.2838983798513137,-1.2086036025256943,0.922225198872457,-0.9985810392604636,1.0341439422808845,1.1209452598156802,-0.6291175249976241,-1.024572325563131,-0.9900364582174378,-1.012472652464151
-1.0864635437651586,-0.9953194168490848,-0.9654680530657436,1.1806147909437237,-1.1778613593423435,1.1184268934633612,-0.7998029981982783,0.7692355426983066,0.8143877873886035,1.1317804939119689,1.1283543846231257,-1.0738145727705892,-0.8767513630324979,0.6844921637638564,-0.7042167115802224,1.128517065342758,1.061565056338035,-0.9961173656359896,0.960238750880254,1.0021339764573531
1.2190538727060103,-0.3599934877042179,0.08774089398091323,-0.3071400620814148,-1.3185462431418262,-1.2853192915832172,0.19303189719808425,-1.2050029001594278,-0.040293688743650434,-1.266375303704362,1.2838946523662427,1.2049209790102087,-0.9319554494376401,1.014741925141715,-1.0513754595733202,-0.8983804588520454,1.2065752704688903,1.0785473236315333,0.9566944661275772,-1.0723879793929096
-1.2046304645761334,-1.069691204965558,0.5494004910227165,1.2827019969510445,-0.1074608880938899,-1.2853188470144992,-1.1109886078159474,0.2383064914824222,1.3345014201666796,1.2516796823305762,-0.11566175025738847,-1.208602357164421,0.9192848896172126,-0.9779999661489329,1.0260438282543818,1.086067623467417,-1.0884547630944787,-0.9582360535744032,0.7534106112820963,-0.5056392295806573
1.2189951125315073,0.9534372309825241,-0.6376087474844236,1.166576925453007,-1.1943419931147574,1.2106272672324045,-0.8878332195289519,-0.574325802250377,-0.28946476153315115,1.2624955222446619,1.2838969737932948,-1.2086038811143676,-0.9381751174479455,-1.0206147146924454,-1.1412804949676651,0.2766331341433119,-1.2101448552148397,0.3093147827832327,-0.2044282872315041,-0.5227843558117735
1.2190547297577012,-0.44699561382923364,-0.2301582403460855,-0.313243344486948,-0.7624949332293599,0.4366643866516636,-1.0152448374028014,1.0777250686627597,0.9858495352725223,-1.2663751414519717,-1.2168517975867976,1.1304985688044866,-0.6780357768761879,-1.0107051292475913,1.0913957903747162,1.1791562932780781,-1.1170707715999841,1.088542914334149,0.9435834909872395,1.0826499388845805
0.2529460969941267,0.32373925699924344,0.47845655253037966,1.2344945465682455,-1.2595181769350885,-0.4954198109837153,-0.3560621757546871,-1.2050029643368614,-0.10613783755492276,1.2663740208260026,1.279069818358317,0.11882940613406831,0.9363156648141523,-1.0188446072651924,0.9783477715305348,-1.2866085344439713,-1.2101446173497337,-0.5421674725305399,-0.5152805862715053,0.6083379439815572
-1.1258006218925218,0.9706992523807711,0.8931557033183243,1.182314464212443,1.1077304030390065,-1.2851759502021474,0.17796988215582354,-0.04118844523349926,-1.3349309248527206,-1.2642672497992828,0.20282885558216449,-1.208603867144031,-0.9345608817802757,-1.007608503032313,-0.7623200005825193,0.8679171217099129,-0.702576269092035,-0.9976029001605843,-0.9983439850891871,-0.9944299676590895
1.2190533581201635,1.0715926921445356,-0.38336491806848083,-0.528955663427598,-1.3190096114199827,1.2853198744157945,-0.13266063394993868,-0.482541787991233,-0.3406510120012132,1.2612056249628327,0.1084116308206515,1.2086039314344694,-0.9361539998577395,1.0135785457711768,0.27638095934005935,0.34523025469946567,1.2101029782687345,-0.556088436796028,-1.0842724286525207,-1.085657565883921
1.2190541638480812,-1.0715959828774304,-0.29455578717207753,0.1521288664547011,-1.3190088593046763,0.21976120769082824,-0.20283107470851433,1.2050020144069138,1.334931269231981,1.2663597183587116,-0.2712425557226622,0.25634249429047223,-0.9335761128412444,-0.616890703940285,-0.5377647330047252,-0.7018854888403722,1.210055490032967,-0.6134239980588975,0.5032918771662694,0.6204905788734686
-0.24692335891936812,-0.28200640605809385,-0.3073412432955156,-0.46427344566746387,1.3190090796953637,-1.2853056129586555,0.8654327651101036,0.4022645934450224,-0.7090595334143937,-1.2632462914075404,-0.23459841511508675,1.2084178621756108,-0.9292278680619045,1.0069931535398706,-1.0883890965010656,0.4967978901374794,-1.1629663607667677,-1.0217269761543253,0.50062653192481,-0.6350014176444373
1.1225927941572178,1.0419217466252524,1.0427232136057933,1.2837217289272482,-1.2853023234160208,-1.2169151627947625,1.079306059052399,1.1579169564257152,1.2355463993601181,1.2172556839610575,-1.132074662457064,1.2084808825409112,-0.9026253800585246,-0.12867836396487745,0.396222818486737,-0.2592055609972769,1.2101442498819233,0.15394131692759638,-0.09901977656424005,-1.1509378823293208
1.2135069073438074,-0.9597016814001178,0.7651931471643403,-1.191988030440073,1.2066899536666327,-1.0578348368159196,-0.8316579072315149,0.9941399986048067,0.9654545091669597,1.2655163531760059,-0.15909735156046198,1.2083765894598777,-0.9363025376140726,1.0184209012734629,-1.0320230977241898,1.0639292672218856,-1.1532836958532762,-1.0222109673974449,1.0691883478059876,-0.6748328756931539
-1.0868481004281543,0.9607011618158343,0.8670008085198527,1.1501002926063597,-1.153074824037887,-0.42687884271899373,0.8120569866539078,1.0189359784186722,-1.0563769504091751,-1.2486141644924578,-1.197838991990468,1.1042823631454286,-0.9098153176338609,0.991246880102317,1.0323835129750736,1.119466249729885,1.0915277888309307,1.022818758243468,-0.6178137091753244,-0.7661597209835868
0.7793146248023524,0.5789684869507367,-0.9669907699724815,-1.1630899231777099,1.0904399464201329,-1.1154712249486172,0.731285095937801,0.9972134846827909,-1.0898830800563657,1.2103598720765492,-1.2838970095441715,1.2086038850036933,0.9140097043062799,-1.0202142471596543,-1.143049135115065,-0.21574074699666237,-0.10159743014339484,0.16670716773750885,-0.45305085245326865,0.6203026462559957
-0.03640402640098416,-1.0715950728415857,-0.04379491305630547,0.01861218481320144,-0.057242822673392084,0.4283868790359479,-0.9289240937205027,-1.0347556029263143,-0.8104280192353751,-1.2663751785277866,0.46907196663938283,-1.1675537592051362,0.9256425838601786,-1.0127538956228084,1.08428170456873,1.2236890945603256,1.1673481364773206,-1.0808411438588819,0.9795798732011417,1.1054803332223826
1.219054219340364,1.0715953670670808,-0.07066904593249262,-1.3185918174487028,-1.3190088634027175,-0.07508215840392404,-0.07408201895938712,0.051016893986402766,0.15605803426793416,0.25755927656268535,0.13874414995735088,-1.2086038806447352,0.5812151224957133,1.0095156795456712,-0.5665776794718933,-0.2986316864870444,1.1952202644775474,0.9634177681539013,-0.9751750825333091,-0.9952113347729745
1.219053805971176,-1.0715955706099198,0.32725130335958263,0.32618102116960096,-1.3190088505346726,0.08809178778118687,0.2856435465118839,0.47822246500878307,0.3606832086166854,1.2387631334541847,-1.2672698567597143,0.5898218396760891,-0.9036854611843097,0.9697392933099902,0.6282668952184328,0.5745935559446941,0.32916604087414725,0.19050815232184615,-0.5420971200011462,1.0530034628418152
-1.0384579669964726,-1.0016274749174778,-0.9877151867054531,1.2453148884830039,-1.2768075160023693,1.1178131451818671,-0.8648533289663078,1.0737776530797638,1.052855056179295,-1.157579809824401,-1.1508516985737078,1.1992469687015472,-0.6318096529360401,-1.0205300394949843,-0.5615814153695755,0.2974715870764885,0.23486793057106914,-1.1395912407020676,-0.23206777462526804,-1.1450025005117617
1.1459447243188192,-0.666281936344582,0.6640925844105562,0.9968519891897848,-0.2085164072055742,-1.1356119307636188,1.0054346165505552,-1.0668182153295644,1.2758396202037312,1.2396743595412685,1.2838984714388733,1.2053406352144227,-0.922722246910481,0.6966408786567697,1.0555605636877659,1.1312116171934834,-1.1328308245558876,0.3630325075465449,0.9863591743906022,0.9816878925138299
1.197477346702914,-0.9550860782764877,-0.77252743744916,-1.174383177864748,-1.2234805483375146,1.102630476893245,-1.0635335020374688,-1.134401931094299,1.1567637549881071,1.2342506985417399,-1.185961988200557,1.1112440907063124,0.6992841865669434,-1.0159272043927994,-0.7232661846097017,-0.501390171921333,-0.6883375236220773,-0.5226557481091147,0.28170129374919617,-1.0195698815289909
1.0191158453124167,-0.9697052376627283,-0.7862096191272729,-1.1809450711764764,1.2414347123008496,-1.1305770039344696,-1.0556027046980754,1.1242896523867427,1.1268457926388746,1.138987294643829,-1.151584899678761,1.0439123485322601,0.8842858065445861,0.6555198061635851,0.9947818296527678,-1.0264707049188821,0.41876670301292285,-0.5477913774803399,1.0623216657116037,-1.0109365876265424
-0.2755049372039869,0.31309725606612215,-1.0521015878648468,0.5150995655160947,-0.691670877311263,1.2830566669403294,1.0788102985276211,1.200083399155548,-0.3466822823874476,1.2648159753066688,1.1495278237786049,1.0453843051608467,-0.8852038087435526,-0.968062187098407,0.7824061797672384,1.0599509256982738,0.4982347378721306,1.0153243819394986,0.7351947173541407,1.0228277770830803
-0.5617203079120096,-0.986353828668054,-0.954273222248176,-1.1981239361682245,-1.1339877250232582,-1.1436621690753113,1.0490705294311928,-1.0753027104200779,1.212818864401083,-1.258990145866987,-1.2838972593878153,-1.2084094837635,-0.9360642379670703,1.017566835854277,1.0220039287794631,1.0935107508558133,1.1340236533501415,-0.6102445227150445,1.0787035343620741,-0.6590202816882095
1.030979900208859,0.6343700894682422,0.8506380669250692,1.1944872324390878,-1.1932370321915584,1.2853199721147206,-0.019029291577286483,-1.205003957388697,1.3349316101459916,1.2595995139117824,0.05658207874473469,-1.2086028619762168,-0.10991916723526385,1.0186074706663124,-0.4466145202384554,0.23233764617929517,1.2101447712293023,0.6719831701663529,-0.69586429937766,1.1508559822555327
1.2190543264546658,1.0715950283006432,-0.16541709106220168,1.3185920507567648,0.4230797427678665,0.3786937799953578,0.39417003374633575,-1.1940676612527996,0.6368473190700744,1.2663751573260293,1.2829351094078605,1.1659874440436095,-0.934070091991507,1.0153211358510825,1.0472906186429156,-1.0891435590959557,0.7489109121104496,-1.0526596722362045,-0.48637035641051546,-1.0569468103602404
-1.2190088587094976,-1.042644857940185,-0.8121203379529478,-1.289026711799157,-0.28293105080615677,0.3530801451641448,-0.9946998018199085,1.0866688556661994,-1.1318092041221652,1.1660137888412565,1.1426375287384052,-1.103196687486142,0.9047858640920229,1.017167217616792,-1.1430436743869063,0.30315921296681186,-1.2101034797167185,-0.432100379154395,0.10981941332800342,-0.14271730280384817
0.451055618610772,1.0606305545865684,-0.625728073270416,-0.7349306045912941,-1.3190080600970777,1.1237749506520318,0.9353650405072541,-0.8130538687558743,1.221360583113926,-1.2225931519477855,-1.2838984226912427,1.2083821161487427,0.9063729314289148,0.6565463437680696,-1.143019326963561,1.3004517901963895,-0.6439725435105584,-0.23118650666644466,1.078894799777546,0.6873822821752475
1.0687345581433214,0.9734894759131193,-0.8782467734031811,-1.197711251115732,-1.1850358167756827,1.2818252661611218,0.20251844429163093,0.058693437219489795,-0.18170307232498847,-1.2654952116048375,0.32199650605137176,-1.2086023467613232,0.9193994607230151,-0.9910440523515657,1.04069024900743,1.11708331997485,1.131674267278389,1.0527091391175205,1.0013122114232127,-0.7625562515683377
1.0971329771229892,-0.9533408165031254,0.8594453234178902,-0.4318845467412718,0.7200796006968704,1.0886592578409848,-0.9045910517574108,-1.105302391602024,-0.5619356324727596,1.2547657532375307,0.18700927069788942,-1.1853869536923674,0.9122727608213671,-0.9772345068845422,1.052685123598187,-1.2032829483072736,1.1271853818994209,-1.0237445007555364,1.0007365479444021,-1.0420136883159732
1.218356357763415,-0.45047857103343064,0.3086791376251913,-1.318366039596627,-0.26344590957877156,0.7516717540600522,-1.0106591528031494,1.082948533950666,-1.2319493743934808,-1.2611248401403317,1.1353116655156326,1.151601662300957,-0.9192166475977241,0.9861850682967166,1.076794275942455,-1.2505161770789128,1.1787711401848677,-1.046750641598943,1.0070161217028855,1.0761658189146954
-0.5161347918208623,-0.9973430653042941,-0.8563376180896406,1.2434257432244704,1.3033465522239203,-1.122603499460033,1.0863400867531412,-1.1486947549676019,-1.083435571785155,1.2661743096646747,1.2265092030478408,1.0963722718763085,-0.9234040162892014,-1.0126360103377632,1.096649955293528,-1.1714433242733564,1.1060396536314512,-1.0782846539589765,-1.0097736844454634,-1.0676407856555683
-0.6877793399132596,0.4001929895104541,0.8155330285524937,-1.034317084854344,0.16725056797597046,-1.2853191559416353,0.2802700930297933,0.12485026265339985,-1.3349317170973067,1.2569759007496353,-0.13157020816622347,-1.208602862942958,-0.935991226228105,-1.0123797913151047,1.141712349740212,-0.6041552280025179,-0.5186073063392195,0.40298311049621194,1.038048315731974,-1.0718430436277415
-0.6315724307430112,-0.9633034147104595,0.8780328582606485,-0.6865725559303043,1.3188668764980855,-1.1151093279530913,0.8530426957827607,-1.0097798761534948,1.203267373003883,-1.2523670507737599,1.2838984323923945,-1.2060553584941545,-0.9299640263444034,0.994981962490992,1.0277097893668892,-1.1725998261700874,-1.155134009590199,-0.9557569324674358,0.6461641217194283,1.0098898436240982
-0.6255062286215349,1.0587894360895749,-0.48742630926854663,1.096148212908116,1.3178738417488993,0.22384465658177916,1.1065356280340661,-0.2908635161716162,0.24091673443304776,1.2596344104231763,1.2838971679398672,1.2086038771022523,-0.9386665553477341,1.019964065172168,1.1430480196760864,-1.3040314398965356,0.3175411625200837,0.3222634449529203,-0.14798950377938538,-1.1467361744717797
-1.2177569972847824,-0.9465594971661009,0.8361208114121039,1.2116519764251623,-1.2355961009034413,-0.33245011940676333,0.47433881038697867,-1.2050038526493296,1.334931695182605,1.2650432581158553,-1.2838971774268275,1.2086038834116861,0.9390015111492948,-1.0205624378025762,-1.0816749421784992,0.3987195273034099,-0.33094503153592475,-1.1310645537376813,0.2213447614255365,1.1335141356945022
1.2190542180485455,-0.3002313588506799,0.1520237278372772,1.31859359378737,-1.319008878652752,-1.2853197857091343,-0.3540115536660664,1.203608583022433,-0.6799577547968497,1.266370008820793,1.2754240612238963,-1.1178234516479086,-0.9116545524279183,0.9953727280660578,1.0539964621787734,1.1866792573727662,1.1260795332380118,1.0586080719685718,1.0021963886315741,-0.8652920845822393
1.1668449933217966,0.6005735574214558,0.838737462685514,1.0677246726968768,-1.3185148701278286,0.1854834465035384,-0.8945674507861453,1.2040903513224928,0.6159507232487603,-1.2452246566481777,1.2838983794435659,-0.41860259579974307,-0.9210204586647674,-0.606703732609361,-0.45152395877454293,1.0452777904977477,1.096480934441253,0.9652113186236626,0.9783836258156344,0.9914331990895242
0.7758880758356694,1.0053123221735114,0.9683365112020733,1.218456045990384,-1.1624400962898551,1.1615896424006051,-1.0513630452918943,-1.0735534561394655,1.204206479175296,-1.2567914375668046,1.2838962552975262,-1.206632321669371,0.9341331454046664,1.0139725767223722,1.0407650312310357,1.1575265499436038,1.1406284154952269,-0.7459180441507878,-0.9978519586567338,-0.7927520108926296
0.7678447107140544,0.9560549970125618,0.884895696762009,0.8815001560379088,-1.1229457218997734,0.531301782915053,-1.1103355111409352,-1.2050020121689113,0.18561841288718187,-1.2456389860141703,-1.2838984155267181,1.2086037160208625,-0.9210501426257705,-0.9990477797065234,0.5636518531000247,-1.0271851814722397,-1.1873087234983561,-0.9849411979966638,-0.956024153520544,-0.6279230115892679
-1.2190541453588906,-0.6165121336227448,-0.26777453746474794,-1.3022523093896539,1.2138697098427955,-0.42699597446941095,0.8919795365833155,0.49950863546941165,-0.22974985786158345,1.2663734577727648,-1.2817317453565038,-0.44409835129846287,0.928350525893462,-1.0112759252890355,-1.0353254444780164,1.0739819596682645,1.1550636624205224,1.0389379161306223,0.4850593855443834,-1.0501121233464958
-1.2190538150564167,0.5482050523381514,-0.5560580170059432,-1.1995927838348521,-1.240438245890687,0.7407166750535646,1.0001345571241114,-1.0331928885243096,0.48640530987139996,1.2663266626602727,-1.2358496391658902,-1.1186603018931673,-0.9297657251714226,1.0163642686670187,1.032634368836969,1.0290477154706432,1.2004318217162584,0.5686834202065221,-1.0848271655930481,1.0445427926342397
-1.2190546621925205,0.10742695454264256,-0.0690007671276443,1.3185930017931784,1.3190080318726003,1.2853198940830273,-1.1110080214888656,-0.12791161746915922,1.3349317176186157,1.2663748117401141,-1.2838970116749242,0.33790897505598505,0.9384374679127846,1.0163810990429327,-1.1428332704585848,1.304029896103868,1.2101448972797084,-1.138811067797719,-0.13813139390760812,1.0909173620893233
0.4789138707531875,-1.071595091700656,-0.0849250057587905,-1.3185933101980372,-0.13534762250447918,1.2853195229403573,-0.9248374286500436,-1.0097615876455766,0.7345042385029141,1.266375807982962,1.1969890842580528,-0.7207643010143715,-0.9218847285701118,1.0063097613712915,0.8670133703191334,1.15126354652383,1.1202305071981205,-1.0570525853055444,0.9534124613601026,1.0691867629692444
0.19967126649778907,-0.24310991949583766,0.3622256962886956,-1.3001362220984414,1.2013208996680453,0.6892944698346932,-0.6989510436030534,1.0163722414959822,1.0420721236021404,1.2027440098237154,0.6208264545525276,-0.4700791231749369,0.9108953757025037,0.33730758141136946,-1.1428145240233192,-1.3040314494009246,-0.09246497054228264,1.1396683339366018,0.4443772398240155,-1.108184058910814
-1.150915732780555,1.0075029974336722,-1.0060044030212754,1.1992569797895438,-1.060991329739751,0.8974375106953518,1.0117636510148973,-1.0370776765195215,1.2414632592128123,1.2423742065198222,-1.2838983877601686,-1.2080417949641842,0.9243179020343985,-0.9960046345217027,-0.753658745414451,-1.1573700027299225,1.1386104964720423,0.9379072402423778,0.7136723338922982,-0.658406799386902
0.3689697457857716,0.9635150848440736,-0.815272810428456,-1.2384776980569856,-1.2948694867800659,-0.9989721809484549,-0.6699851607227076,-0.5228970245339744,-1.33493170497163,1.2663454121845568,-1.2605154028696548,-1.1910329265532202,0.9296937296190201,-1.0187072116155123,1.0384318740186218,1.0019550714656849,-1.209987391022937,-1.066530269495069,0.3472539900562961,1.0421044637650783
-0.39644852485841425,-1.0698385000278468,0.1824369555206768,1.318504243510344,-1.2909796596566223,1.282034003847508,0.9255910025389367,-0.4944079048361022,-0.5837819456289007,1.2663750847182085,1.194040454341168,1.0993118904322354,0.9192379125076069,0.780779120214054,1.0717533842412805,1.169502232827741,1.1036088888928537,-0.8657058924724421,0.9544736048507628,-1.07311954726584
1.1099024470250007,0.657173238115015,0.9133477069313235,-1.126172973655512,1.096257082069849,1.1177066813896404,-0.40368198349982926,-0.3413617450266194,0.5957426742775742,-1.2363671027336218,1.2838984629929857,1.2085963243836546,0.9150810822364547,-0.9793723718124231,1.0104139487076262,-1.121019687406442,-0.788507456286285,-0.7638095967299675,0.9848246379351692,0.7564666197682333
1.1264474981494776,0.9733021669658749,0.9695590523719508,-0.9962742323262462,-1.15212383271847,-1.0880906483475206,-0.410272548094763,-0.5384677096067786,-0.654523606091912,-1.254117348861825,0.02753934293494228,-0.08364804160312683,-0.9397334226289554,-1.02069443086445,-1.143048456106646,1.304031478065926,1.2101447506364647,-1.1396875091105503,-1.0852794554853713,1.149882392480201
-0.11062613788673104,1.071595073562947,0.05391645406539563,1.3185932952544894,-1.3190080683962941,-1.2853199742662866,-1.1110024304963044,-0.22573248985762268,-1.3349312539352427,1.2663759185279706,1.2838977069201916,1.1909805187321827,0.9333203350560922,1.015144042770493,0.8063784818637507,-0.886649276212097,1.1392461897417392,-1.046621023183913,-0.9600270621016482,-1.0648588805190435
-1.1277922575316406,-0.9795972525474421,-0.8001390437646505,-1.1301635843205846,-1.0842321961603762,-1.1593802480943993,-1.0413944420236119,1.0746436915458104,-1.244011241302921,1.2534047132342236,-1.283871477349884,0.7304023656725556,-0.9312875304218019,-0.9953568474575062,-1.073082755134849,-1.245406615494125,1.176418641865533,1.0139690982976317,-0.9936945141061027,-1.0582238574219318
1.2190236148532063,-0.2581378406533071,0.5071688993071763,-1.3163872538657093,-0.3272959038715732,1.2804111471114978,0.9484269233583024,1.04858261817094,1.1286866706451328,-1.1468723434688404,-1.1173454720896365,-0.6927900647914906,-0.412048578740183,-0.9978326359896149,1.1430483705611234,1.304031408521833,-1.2098732734631794,-1.13967464760819,0.2971460094386286,0.1351824139261804
1.2190546840915817,-0.04928265641985951,0.3026176808723207,0.4067208311700622,-0.14602887296742387,1.2853199511929332,0.3673498379918262,0.45634406089807933,1.0672211556934472,-1.2595024915495951,-1.2838962333803159,-1.1982604066932807,-0.9132468398121341,-0.9788230743192747,1.0126269153061427,-1.0899719548884792,-1.09440898303265,0.9637612904309537,0.9709295065891761,-0.514815071268964
1.116620161320202,-0.9540965856475051,-0.6677419077742892,0.7962372308255148,-1.2092078373639505,-0.8373472838230063,1.0498821982322062,1.1057332942819644,-1.1118109969752175,-0.25191474140977943,-1.1812983152106469,-1.1189597516603789,0.9034273752686287,-0.9833387224211356,-1.105466502116775,1.2392149031614554,-1.1364651035110127,-1.089273778919301,0.9748171006950043,-1.078523044731426
1.1557882936485395,0.9942822076813853,-0.9832655451715756,1.1508937849834702,-0.6236529245200593,-1.137162514994069,0.7344282461617246,0.5824084967618461,0.7068040356549026,-1.2326063618272407,-1.2838984184313038,1.2083864770851647,-0.9166690870211445,0.9636591643003521,1.0423772204546886,1.2274757251171797,-1.148204042692764,-0.9871646972818824,1.0228189937273997,1.0178892367464087
1.0872006214313443,0.9949900845772488,0.8701080098974375,1.223968517939573,1.254655295039787,-1.0486392434833018,-0.889838467366767,1.2049967778778152,-0.17481005034750136,-0.3302443087100488,1.2838882426977924,1.207517103230131,0.9288857246526532,1.0119829014473836,-1.0840235266989338,-1.1895292807159665,-1.118819984436272,-1.0631184977908168,0.9687515915767482,-1.0573240585207044
-0.3936641700743335,-0.9937143934652125,0.729585079899132,1.1285005338521814,-1.2867876033803807,0.07129527535736307,-1.1110080360215984,-1.2050020976004114,-1.3349309192498222,-1.2661622051987789,1.283897147183626,-1.2086027975805747,-0.9358348933929731,1.0129385022967174,-1.0078122227486923,0.7528791817216222,0.34710912575275693,1.0156644807437052,0.5914548792328059,-1.040870492147119
1.0811312177817745,1.00784817916393,-0.97728686569892,1.192955156168496,-1.2045613703814115,-1.181935368751939,-1.0685495464191026,1.1370852179090394,1.2386742044636612,-1.1435525157363653,1.1071128826602488,-1.0812227522568123,-0.8901809159648891,-0.9503613013977948,0.8367785356952151,-1.1561549847352168,-1.0984086742478407,0.7717367634096274,0.9477882002909662,-1.0146650331852052
-1.2190546736687107,-1.0715960927295403,-0.1481264720815252,-1.3185932870672745,0.3101417171102367,1.285319988796749,-1.1094669080994235,0.34785952018203264,0.11579408486712614,-1.2663751653540656,-1.2838023398301543,-1.1911448083758038,-0.9291830181486093,1.0113053304015418,-1.026057429628013,1.0676596168427426,1.1644765106435482,-0.785351975094347,-0.5465408229145261,1.048962962389292
1.2190515283523267,-0.9546343502943283,-0.47988147380912777,-1.141872009985354,-1.1762600505785272,-1.0587284344863124,-1.041193358352848,-1.084667170100887,1.1031937831780947,-1.2660020242301935,-1.274170957944154,-1.1646417652054637,0.9350702348988323,-1.0149839225487527,1.0470267888343077,-0.9239280014678636,-1.1305381830687682,-1.0283109263355625,-0.503661348219085,1.0539742878519165
-1.2190537779771655,-1.0704528671519715,-0.3073809511458474,-0.7144319645466737,1.315528727152148,-1.2853198638294547,0.36327834496335515,0.13047393206617938,0.2874546046361085,-1.2663757826018445,-0.5361456483169328,-1.208465633812992,0.9360491981573639,-1.0158844302687158,-1.043382743476851,1.097004017005766,-1.164753442121567,-1.0487925583189417,-0.964175867093935,0.6040778725167995
0.553195244362986,0.5768099555373286,0.9052446033369222,-1.0672355170753436,1.3190095407748132,0.2067002218810969,0.5344334412851128,0.2846043848043869,1.204037821229054,-1.2480070981315583,-0.16946937644873525,-1.2086038707345461,0.9364176293640253,1.019972809798181,0.1706461904468003,0.11439654768383034,1.210138355327922,-0.3717858467982696,-0.34905504921818586,0.4094567768435994
-0.4476630446369183,-1.0714977103624648,1.0520777725884443,0.2206803010643655,-1.3190095336666159,-0.37252270036919155,1.1110079562000088,-0.11796918791659428,1.334931260703169,1.266252015229161,0.44785789432742745,1.2079240138457055,-0.9195283572435315,-0.9915632823212993,1.0003867865956295,1.0425355509239342,-1.1184258013896056,1.0091111637832482,0.9553538062721728,0.3196244660071872
-1.2190547128150282,-1.071587105327779,0.15765029225212582,1.3185933720996963,1.318999608233039,-0.5283582535362948,-0.9880863345532978,1.0580375828495412,-1.0805604176655526,-1.266374096600829,-1.1673180142973911,-0.8996706584252843,-0.9215358551474397,1.003388424009499,-1.0835261238445215,-1.2137063481091466,1.1458994937175244,-1.0711238196680926,0.968475256614072,-1.0864622942614437
-0.07089474714247582,-0.0758279973357533,-0.024383618065479756,1.318593292392942,-1.3190054462989875,-0.4457828380298088,0.490693578643592,1.2050003661282251,0.0664465269568039,-1.2663752353525308,1.222759938417121,1.082151090260094,0.9230059870810771,-1.015880374117383,1.0740152990239735,-1.0972191072429869,1.1968660159980653,1.0910436894207873,0.49646741091191426,1.1008437470150245
1.217281582092399,-0.9640585031937374,0.6886670604010005,-1.2113502099293276,1.28210591479708,1.0625451033215867,-1.050463771944611,0.8766956567071927,-0.9871638051287602,-1.2663697744605826,1.2118706740380643,-1.094629113909614,0.9238482139538963,1.0104017393426412,-1.1038167128725969,-1.201231094421448,1.1116702082088485,-1.0889397813346806,0.9398968783116606,1.0787051920407176
-0.22152815496615977,-0.4509125731721462,0.23988636026749913,0.6743951135778167,1.2004253926948945,0.5258366265794688,0.6816750939254174,-1.0191973282590792,0.9672957886859433,1.2663742080165357,1.1873601721554057,-1.1035605290104535,0.9190577883723974,-1.0050067953206838,-1.0807942602719556,1.1762586632894736,0.8187410027480264,1.0764852514960217,0.9551429055212027,1.0770666526591657
-1.1255817339146028,0.9629869159371693,-0.9537421490911788,0.7088647949828007,0.36863564771590396,-1.1409394155935162,-0.6938128257427403,-0.44580392002556185,-1.0925718045988053,1.239662445758657,-0.1842985445823521,1.2086039166505025,0.9246302645705352,-1.018166160695971,1.143048626162385,-1.3040301567423158,0.5090292258523683,-0.15905475325935078,-1.0852759967119618,1.1488045463800245
1.1477697740785544,0.9932904901627798,1.021172044563102,1.2264955460398577,-1.0710593212331183,-0.8114052037518109,-0.7173108544515379,0.976225437167129,-1.1689099630201145,1.254931156116992,-0.45432371699079177,-1.2086046564851605,-0.9320571556081138,-1.0206633263470068,1.1430482097445296,-1.3040185638808592,-1.202159245367789,-1.1396874557438252,1.085279349781857,0.20215256916279045
-0.4388495461041596,0.9238971329612612,-0.7048632568259023,0.5798262245553727,-0.7883059030398542,0.380911557462267,-1.1108840542874365,0.16418265853777977,1.3349317017238282,1.2663015643687368,-1.2815227744860738,-1.2086029417579638,0.9388922416830936,0.5466221969693764,1.0210933101624624,0.26799490964300476,-1.2101449154170416,-1.1221412541733584,-1.0852794615205237,-1.1387234610483488
-1.2001341219454449,0.9959914229524666,0.8893721558418219,1.229439871758004,-1.2492931521820354,-1.1247870883404614,-1.065559485868766,1.0815045472804643,1.1134162343729355,-1.2660103021166138,-1.283151597551526,1.1892049362986512,0.9383816182350518,1.0176382911583928,-1.092421499224938,-1.2131707652473196,-1.1532972975766222,-1.0518165358607543,0.6645830295853169,-1.0689275695064417
0.13094698072407926,1.032636786448267,-0.493447951254709,-1.2474528325529708,-1.2045827307645753,1.2853201310551472,1.1110080317018658,-0.0686675074333547,0.03658909509691424,1.266375018651663,-1.2838832060289134,0.4919168185384588,-0.9331587561046412,1.0127668139030364,-0.8515308985698481,-1.042765308307409,1.2101225966038953,1.071663525433404,-0.9458755283210384,1.0420097713118606
-1.2190533347655217,0.19633639363733832,0.36127566436453445,1.3099184497724508,-0.24293427946444138,1.2853196150933748,0.4211677109458104,1.2049902535834816,-0.5280182274180171,1.2581936257606579,1.2838971520092586,1.2086039268994835,0.9338259560160334,1.0107285986135743,0.3604652076857566,0.5776440582965089,1.205284059429718,0.25223470109800555,1.0846833089784516,-0.5340706363497691
1.1523977698135555,0.9666687293360059,0.75075437809219,0.8292600626652536,-0.42111251292311,-1.1182961431565366,-0.8100883204192421,0.9781318371739024,1.1804201149096392,-1.2527436369648413,-1.2838973317251867,1.208448181656318,0.729898420131009,0.9964293365182249,-0.572534325629566,-1.141760403923531,-1.141452001764603,0.9366332929030573,0.9759186549754245,-1.0002416687881237
1.2014663477022647,-0.9866160320467199,-0.9201361886888373,-1.2182462808983943,-1.2231118679870292,-1.1324415159539294,1.0770953466305055,-1.1253847232883794,1.1982258615428258,1.2615157146104532,0.5781759996088286,0.6728970432478186,-0.9370614066051758,-1.0196680533445046,1.0192413831266265,-0.7157872314125445,-1.1431470115966489,1.059769396162352,1.0852756332542055,1.0209455562873246
1.2190547411780142,-1.0715476201114031,-0.2866941830496206,0.7305479806337271,0.6747246871735167,0.1784933522012842,-0.16133782426378948,-0.08689587637116467,0.09774061837612585,-1.2663533295245117,1.2838973108678144,1.2086038371781553,-0.9413809562413972,-1.0196214431052635,1.1401544191048378,0.244509382791694,1.210144911694924,0.5681530708373483,1.0851921644053624,-1.082107459477391
1.0997689701403248,-1.0140374479623941,-1.011147853276998,-1.2695295772977562,1.2568399633617655,-1.1089815802280154,0.9738398242901981,0.6565330106482982,0.9938601657529476,-1.2472009312624157,1.2838972884076725,-0.13890417804501548,0.9348155311171676,-1.020696832148933,1.1426681140474175,1.3040295398293322,-1.21014457961911,-0.37537985125430895,-0.15582696080001326,1.14997466465422
-1.218923003906602,-1.0646383830766835,0.3319758007532325,-0.7012232918386848,1.3190088746140993,0.7495913210327318,-0.999065650312022,1.035289485748278,-1.2065739287747717,-1.2655162916530172,1.283896748169577,-1.1866193798886784,0.9366587733690503,-1.0084063739146003,1.0771854666575456,-1.2491295837046033,-1.184707664543645,1.0303446296798378,-0.9968647911103311,-1.0810802927263932
1.216812262868634,0.5110221181529471,0.2965507986872171,-0.3956460917059142,-1.3190080282183752,0.16076313692196903,-0.2928375097437648,-1.205001998697861,1.3349230340488436,-1.2651976348417187,-1.2838973352587915,-1.2084642855615693,0.9236051515992166,0.9920100752957745,-1.0187153136073834,1.1581322482435312,1.1203446471905398,-0.816670502191877,1.0033289233902125,0.8062015811904496
-1.0208382837066068,-0.9926045738076544,0.864980696638833,1.2140086869983886,-1.2757724608550383,0.8303719488055539,-1.0160768954616908,-0.7952838502190553,-0.6331372012407821,-1.264879591076427,1.1754907787794873,-1.0546947003853058,0.90365678121486,-0.9953579458223891,-1.0839638704679253,1.1738303071929377,-1.0829121650815619,-1.071173349112325,-0.7232164870343941,-1.0512086570297925
-1.0768288053144488,-0.9697289892689541,-0.9475534033956484,-1.1511167581861985,0.7060777003370305,-1.0873641353543304,0.9389210211871019,-0.5581684726501823,-1.069632779142918,-0.7855501259294829,-1.274175426973786,-1.1930557245666662,0.8871953803476864,-0.5888991524270453,0.6362286763912549,1.063579651412282,-0.507000175641915,0.9708989043971452,-0.9517451955618085,0.9854354927382595
-1.2190537437899507,-1.0465186721489699,0.4342620623205111,1.2053092714227733,-1.2112594316921712,0.15620480773036596,0.20636147072772587,-0.0735870790929197,0.15540826673653066,-1.2663758676412307,0.3223532509532485,1.208603476587098,-0.9356476546738298,-1.0150066522835666,-0.7840213967318247,-0.7984650486349453,1.2100246210315249,-1.0514145913058888,0.9629328876488652,-1.0297695103262003
-1.1611572689598533,1.0173078901691606,-1.0076239522605537,1.2207282329621911,1.092175572215143,1.1730518064966513,0.9648856454727576,-0.7397153201713309,-0.8981179581889511,1.2445804041653419,-0.1912802935650938,-1.208598684032458,0.9252377780854696,-0.9996592912818456,1.0216864616232464,-1.1633913436299346,1.122878239601883,-0.6429363631524686,-0.9758998323086013,-0.9964592589937022
0.22825456087631688,-0.2892862325554951,-0.1499814678456504,-0.3717044876762252,0.1959468439158125,-1.2852914848003996,-1.0214474915663707,0.6732453254414492,-0.41294605178578137,-1.2662545479671161,0.7896587160293856,1.0905935842928518,-0.8768275837774081,0.9728398061832596,-0.8622113421007621,1.1766023989723708,-1.092766112194951,1.0525404941785703,-0.996123237714655,1.0586630513700193
-1.2190537174691014,0.49685613355001557,0.4089438882447197,0.48583216211975744,-1.302683323910528,-1.2841571031128813,0.6160384805908797,-1.1883220291135266,0.5179897438845393,-1.2662406697376793,-1.2838603161397022,-1.203934432780859,-0.9303368730935317,1.0115919367496369,-1.0098710279520169,0.6964217468118987,-1.1529657973129905,1.017643013572672,-1.0427638040650524,-1.023967045065726
1.1253855349179696,0.9946815029606185,-0.9496037390604082,-1.2425786258386509,-1.2321755955846954,-0.7838859888762074,-0.9109281468119087,-1.1938161894257744,0.33381171645547464,-0.7501359346992785,-1.283897259963735,-1.2086028213410147,-0.9363991820223694,1.0203946978128053,-1.020144609560604,-0.9617893105435333,1.209658905240331,-0.3785695360942577,-1.085187741311847,0.6168682498367151
1.2190546904247779,-1.0687896496932525,-0.3040070529340477,1.3122076673086087,-1.318631659584719,1.2836414828715603,-0.6373555467971863,-0.5266271685176326,0.7068042776952729,-1.2663744983080147,-1.2834982048645904,-1.162848157350173,0.9315937062574281,1.0107726052940724,-1.0783587419300762,1.206071951273127,1.1415986596559509,1.0649685860173523,0.9779229156297804,-1.0718072514881112
