0.0,0.0,0.0,0.0,0.0,0.0,0.0,0.0,0.0,0.0,0.0,0.0,0.0,0.0,0.0,0.0,0.0,0.0,0.0,0.0
4.211880679314019,2.973316475519814,2.1050715328638696,1.4961125730047085,1.0687131761032957,0.768461879522307,0.557267839103115,0.40846478463780533,0.30338378164880747,0.2289541579363918,0.1760241457985895,0.1381853255399721,0.11094973018489195,0.09117381332099028,0.07665522140668081,0.0658505294625648,0.057677651377789185,0.05137752268074656,0.04641727425700202,0.04242244994135686
2.973316475519814,4.211880679314019,2.973316475519814,2.1050715328638696,1.4961125730047085,1.0687131761032957,0.768461879522307,0.557267839103115,0.40846478463780533,0.30338378164880747,0.2289541579363918,0.1760241457985895,0.1381853255399721,0.11094973018489195,0.09117381332099028,0.07665522140668081,0.0658505294625648,0.057677651377789185,0.05137752268074656,0.04641727425700202
2.1050715328638696,2.973316475519814,4.211880679314019,2.973316475519814,2.1050715328638696,1.4961125730047085,1.0687131761032957,0.768461879522307,0.557267839103115,0.40846478463780533,0.30338378164880747,0.2289541579363918,0.1760241457985895,0.1381853255399721,0.11094973018489195,0.09117381332099028,0.07665522140668081,0.0658505294625648,0.057677651377789185,0.05137752268074656
1.4961125730047085,2.1050715328638696,2.973316475519814,4.211880679314019,2.973316475519814,2.1050715328638696,1.4961125730047085,1.0687131761032957,0.768461879522307,0.557267839103115,0.40846478463780533,0.30338378164880747,0.2289541579363918,0.1760241457985895,0.1381853255399721,0.11094973018489195,0.09117381332099028,0.07665522140668081,0.0658505294625648,0.057677651377789185
1.0687131761032957,1.4961125730047085,2.1050715328638696,2.973316475519814,4.211880679314019,2.973316475519814,2.1050715328638696,1.4961125730047085,1.0687131761032957,0.768461879522307,0.557267839103115,0.40846478463780533,0.30338378164880747,0.2289541579363918,0.1760241457985895,0.1381853255399721,0.11094973018489195,0.09117381332099028,0.07665522140668081,0.0658505294625648
0.768461879522307,1.0687131761032957,1.4961125730047085,2.1050715328638696,2.973316475519814,4.211880679314019,2.973316475519814,2.1050715328638696,1.4961125730047085,1.0687131761032957,0.768461879522307,0.557267839103115,0.40846478463780533,0.30338378164880747,0.2289541579363918,0.1760241457985895,0.1381853255399721,0.11094973018489195,0.09117381332099028,0.07665522140668081
0.557267839103115,0.768461879522307,1.0687131761032957,1.4961125730047085,2.1050715328638696,2.973316475519814,4.211880679314019,2.973316475519814,2.1050715328638696,1.4961125730047085,1.0687131761032957,0.768461879522307,0.557267839103115,0.40846478463780533,0.30338378164880747,0.2289541579363918,0.1760241457985895,0.1381853255399721,0.11094973018489195,0.09117381332099028
0.40846478463780533,0.557267839103115,0.768461879522307,1.0687131761032957,1.4961125730047085,2.1050715328638696,2.973316475519814,4.211880679314019,2.973316475519814,2.1050715328638696,1.4961125730047085,1.0687131761032957,0.768461879522307,0.557267839103115,0.40846478463780533,0.30338378164880747,0.2289541579363918,0.1760241457985895,0.1381853255399721,0.11094973018489195
0.30338378164880747,0.40846478463780533,0.557267839103115,0.768461879522307,1.0687131761032957,1.4961125730047085,2.1050715328638696,2.973316475519814,4.211880679314019,2.973316475519814,2.1050715328638696,1.4961125730047085,1.0687131761032957,0.768461879522307,0.557267839103115,0.40846478463780533,0.30338378164880747,0.2289541579363918,0.1760241457985895,0.1381853255399721
0.2289541579363918,0.30338378164880747,0.40846478463780533,0.557267839103115,0.768461879522307,1.0687131761032957,1.4961125730047085,2.1050715328638696,2.973316475519814,4.211880679314019,2.973316475519814,2.1050715328638696,1.4961125730047085,1.0687131761032957,0.768461879522307,0.557267839103115,0.40846478463780533,0.30338378164880747,0.2289541579363918,0.1760241457985895
0.1760241457985895,0.2289541579363918,0.30338378164880747,0.40846478463780533,0.557267839103115,0.768461879522307,1.0687131761032957,1.4961125730047085,2.1050715328638696,2.973316475519814,4.211880679314019,2.973316475519814,2.1050715328638696,1.4961125730047085,1.0687131761032957,0.768461879522307,0.557267839103115,0.40846478463780533,0.30338378164880747,0.2289541579363918
0.1381853255399721,0.1760241457985895,0.2289541579363918,0.30338378164880747,0.40846478463780533,0.557267839103115,0.768461879522307,1.0687131761032957,1.4961125730047085,2.1050715328638696,2.973316475519814,4.211880679314019,2.973316475519814,2.1050715328638696,1.4961125730047085,1.0687131761032957,0.768461879522307,0.557267839103115,0.40846478463780533,0.30338378164880747
0.11094973018489195,0.1381853255399721,0.1760241457985895,0.2289541579363918,0.30338378164880747,0.40846478463780533,0.557267839103115,0.768461879522307,1.0687131761032957,1.4961125730047085,2.1050715328638696,2.973316475519814,4.211880679314019,2.973316475519814,2.1050715328638696,1.4961125730047085,1.0687131761032957,0.768461879522307,0.557267839103115,0.40846478463780533
0.09117381332099028,0.11094973018489195,0.1381853255399721,0.1760241457985895,0.2289541579363918,0.30338378164880747,0.40846478463780533,0.557267839103115,0.768461879522307,1.0687131761032957,1.4961125730047085,2.1050715328638696,2.973316475519814,4.211880679314019,2.973316475519814,2.1050715328638696,1.4961125730047085,1.0687131761032957,0.768461879522307,0.557267839103115
0.07665522140668081,0.09117381332099028,0.11094973018489195,0.1381853255399721,0.1760241457985895,0.2289541579363918,0.30338378164880747,0.40846478463780533,0.557267839103115,0.768461879522307,1.0687131761032957,1.4961125730047085,2.1050715328638696,2.973316475519814,4.211880679314019,2.973316475519814,2.1050715328638696,1.4961125730047085,1.0687131761032957,0.768461879522307
0.0658505294625648,0.07665522140668081,0.09117381332099028,0.11094973018489195,0.1381853255399721,0.1760241457985895,0.2289541579363918,0.30338378164880747,0.40846478463780533,0.557267839103115,0.768461879522307,1.0687131761032957,1.4961125730047085,2.1050715328638696,2.973316475519814,4.211880679314019,2.973316475519814,2.1050715328638696,1.4961125730047085,1.0687131761032957
0.057677651377789185,0.0658505294625648,0.07665522140668081,0.09117381332099028,0.11094973018489195,0.1381853255399721,0.1760241457985895,0.2289541579363918,0.30338378164880747,0.40846478463780533,0.557267839103115,0.768461879522307,1.0687131761032957,1.4961125730047085,2.1050715328638696,2.973316475519814,4.211880679314019,2.973316475519814,2.1050715328638696,1.4961125730047085
0.05137752268074656,0.057677651377789185,0.0658505294625648,0.07665522140668081,0.09117381332099028,0.11094973018489195,0.1381853255399721,0.1760241457985895,0.2289541579363918,0.30338378164880747,0.40846478463780533,0.557267839103115,0.768461879522307,1.0687131761032957,1.4961125730047085,2.1050715328638696,2.973316475519814,4.211880679314019,2.973316475519814,2.1050715328638696
0.04641727425700202,0.05137752268074656,0.057677651377789185,0.0658505294625648,0.07665522140668081,0.09117381332099028,0.11094973018489195,0.1381853255399721,0.1760241457985895,0.2289541579363918,0.30338378164880747,0.40846478463780533,0.557267839103115,0.768461879522307,1.0687131761032957,1.4961125730047085,2.1050715328638696,2.973316475519814,4.211880679314019,2.973316475519814
0.04242244994135686,0.04641727425700202,0.05137752268074656,0.057677651377789185,0.0658505294625648,0.07665522140668081,0.09117381332099028,0.11094973018489195,0.1381853255399721,0.1760241457985895,0.2289541579363918,0.30338378164880747,0.40846478463780533,0.557267839103115,0.768461879522307,1.0687131761032957,1.4961125730047085,2.1050715328638696,2.973316475519814,4.211880679314019
