0.0,0.0,0.0,0.0,0.0,0.0,0.0,0.0,0.0,0.0,0.0,0.0,0.0,0.0,0.0,0.0,0.0,0.0,0.0,0.0
909,6,11,0,0,0,0,0,0,0,0,0,0,0,0,0,0,14,0,0
0,0,0,0,0,0,2,0,1,5,0,0,0,7,0,0,0,0,1,15
0,1,0,22,30,8,1,0,0,0,0,0,0,0,0,1,0,0,2,0
0,6,52,0,0,23,0,0,0,0,0,0,0,0,2,17,0,0,10,0
55,10,15,0,0,60,5,0,41,0,0,6,0,0,72,2,0,0,0,1
1,1,1,0,1,1,0,0,0,0,0,0,0,0,0,0,0,0,0,0
2,0,0,0,0,1,0,3,0,0,0,0,0,0,17,0,1,0,0,13
0,15,0,15,0,0,0,0,2,0,0,0,0,0,0,0,0,0,0,0
2,1,0,0,0,1,1,1,0,0,0,0,0,0,0,0,0,1,0,0
2,0,0,99,0,0,0,1,1,0,0,0,0,0,0,0,0,1,0,0
0,0,1,1,26,0,2,0,0,0,0,0,0,0,29,6,0,0,26,0
0,4,0,0,1,0,0,0,0,0,4,0,0,0,0,0,0,0,1,0
0,0,0,0,0,1,0,0,0,1,6,0,0,0,0,0,0,0,0,0
0,41,75,50,0,0,1,0,0,1,0,0,0,0,0,0,0,0,0,0
4,11,21,0,3,3,1,0,32,0,65,0,0,0,0,0,1,0,0,0
0,0,3,0,0,6,0,19,0,0,0,0,0,0,2,0,0,0,0,0
0,0,0,2,1,0,0,0,0,0,1,0,1,1,1,0,0,0,0,2
0,1,0,0,0,0,2,0,0,0,0,0,0,0,5,31,0,0,0,0
0,0,0,32,662,22,0,0,0,0,22,0,0,0,0,0,0,0,0,0
4,0,0,0,9,2,5,33,5,0,0,439,0,27,3,21,0,3,0,0
0,0,0,0,0,4,0,2,6,0,0,0,0,0,0,0,0,0,0,0
0,0,5,0,4,1,12,105,149,0,0,0,0,0,0,6,15,2,0,0
0,0,0,0,0,0,0,0,3,0,0,0,1,0,0,66,73,44,136,9
1,0,0,0,1,1,0,2,2,1,0,1,0,0,0,0,11,0,6,2
0,1,3,8,0,0,0,0,1,0,31,0,0,0,47,61,0,4,3,1
0,0,7,0,0,1,0,0,0,0,0,0,0,0,5,7,2,1,7,0
0,0,13,0,9,0,2,13,131,0,0,0,0,0,2,0,4,0,0,0
1,1,0,0,6,0,0,0,0,0,0,0,1,0,0,0,0,0,0,0
0,0,1,3,1,0,0,0,0,0,0,0,1,0,1,0,0,0,0,0
0,0,9,0,0,5,5,0,0,0,22,0,0,1,0,1,0,0,0,0
0,0,11,26,0,7,4,4,1,0,0,0,0,0,0,0,0,0,0,0
0,0,0,0,0,0,2,6,42,0,0,0,0,0,0,2,0,4,0,0
0,4,3,0,0,0,0,0,8,0,0,0,0,0,0,0,0,1,1,0
0,0,0,0,0,0,0,0,0,0,172,0,0,0,0,0,0,2,0,16
0,7,0,0,8,0,0,32,0,0,2,0,0,0,0,0,0,0,0,0
0,0,0,0,0,0,0,0,0,0,0,0,0,0,118,11,0,0,269,0
0,1,0,0,8,0,0,138,3,0,0,0,0,0,0,0,0,0,0,0
0,0,0,0,0,1,0,1,0,0,0,0,0,0,9,0,0,0,2,5
0,2,0,0,0,1,0,0,0,0,0,0,4,0,2,5,2,3,4,18
23,14,0,2,0,0,0,0,0,0,5,0,0,1,0,0,0,2,0,0
0,15,37,1,2,22,0,0,89,0,0,5,0,0,1,2,25,0,5,0
295,69,54,6,0,0,0,0,1,0,0,2,0,0,0,0,0,0,1,1
0,9,12,0,3,0,3,0,0,0,0,0,0,0,0,1,0,13,6,0
19,25,28,2,0,16,0,0,0,0,0,0,0,0,6,5,1,0,0,0
2,1,6,0,0,0,22,0,80,0,0,0,0,0,0,0,0,5,0,2
0,0,0,0,0,2,0,0,0,0,0,0,0,0,2,11,9,0,0,0
0,0,0,3,4,0,0,1,0,0,0,0,0,0,0,17,0,0,279,4
0,2,16,33,4,0,0,0,286,43,0,0,0,0,0,0,0,0,0,0
59,7,1,0,0,0,0,0,0,0,1,0,1,0,3,15,0,1,0,0
0,0,0,0,0,0,0,0,2,0,0,0,0,0,0,0,0,7,0,3
0,6,1,0,0,2,3,0,282,0,0,0,0,0,0,2,0,0,5,0
0,0,0,0,0,22,0,0,29,0,0,2,0,0,2,5,0,0,7,9
9,4,1,0,0,1,9,0,0,0,0,0,2,0,1,0,2,0,3,1
0,0,6,0,0,0,0,6,44,2,0,0,0,0,0,0,3,0,1,0
1,0,46,0,0,0,0,1,0,0,4,0,0,0,2,0,0,0,0,0
0,1,0,0,0,0,0,0,0,0,0,0,0,0,339,52,96,0,5,0
0,0,0,0,0,0,0,0,1,0,8,0,3,0,0,0,0,43,0,1
0,0,0,0,0,0,0,0,0,0,0,0,0,0,0,0,0,0,1,0
0,0,2,3,18,0,0,0,19,0,1,0,4,2,0,2,4,16,3,0
0,10,24,0,1,0,0,0,0,76,0,0,0,0,0,1,0,0,7,0
0,0,0,0,0,0,0,0,0,0,1,0,0,0,0,1,0,0,0,0
32,24,0,0,0,0,0,0,29,0,0,0,0,0,0,3,0,0,0,0
0,5,16,0,0,119,0,0,0,0,0,0,0,0,0,0,0,0,17,0
0,0,0,0,0,0,0,0,0,0,1,0,0,0,0,1,0,0,0,0
32,4,13,4,0,2,0,0,3,3,2,0,0,0,0,0,0,0,0,2
0,0,0,1,59,8,0,0,0,0,0,0,1,0,0,0,2,0,0,0
32,0,2,20,11,16,1,0,27,0,3,0,0,0,0,42,0,0,131,26
4,0,0,0,0,0,1,0,1,0,0,12,0,0,0,5,8,0,4,0
0,8,12,12,31,2,0,0,2,0,2,0,0,0,0,0,0,0,0,0
0,0,1,0,0,0,1,0,1,0,0,0,0,0,0,0,0,0,0,0
0,0,0,2,0,2,0,2,8,0,2,0,0,0,5,8,0,0,128,2
7,12,3,0,0,0,33,0,19,0,0,0,0,0,0,0,1,0,0,3
14,0,6,0,0,0,30,102,0,0,0,0,0,0,0,0,4,0,0,0
0,3,1,2,0,2,1,0,10,0,0,0,0,0,0,9,17,0,27,3
0,1,0,0,0,0,0,0,0,0,0,11,9,0,14,18,0,9,0,0
0,5,0,47,7,0,0,0,2,0,0,0,1,0,0,0,0,1,0,0
0,3,0,0,0,2,0,0,0,0,0,0,0,3,0,0,1,0,0,0
24,20,20,0,0,0,146,11,0,9,6,0,0,0,0,37,9,0,0,0
0,1,3,0,0,4,63,77,0,0,0,0,0,0,12,0,122,0,0,0
29,0,0,2,5,7,0,11,0,0,0,0,0,0,2,0,1,0,0,0
0,10,0,13,228,0,34,0,0,0,0,0,0,0,0,3,0,0,0,0
0,0,0,2,2,0,0,0,1,2,0,0,0,0,0,8,0,0,0,0
0,0,7,8,93,281,3,9,4,0,0,0,0,0,0,0,0,0,0,4
0,0,2,2,0,0,7,8,0,0,0,0,0,0,0,0,0,0,0,0
5,0,0,3,0,0,0,1,0,0,7,0,0,0,0,0,0,0,67,0
13,0,4,0,0,17,1,0,0,0,0,0,0,0,2,0,0,0,2,0
0,0,5,0,0,3,1,15,4,0,0,0,0,0,0,0,0,0,1,0
3,0,0,1,0,1,0,0,17,0,0,0,0,0,0,0,0,0,1,0
0,0,1,0,2,0,9,31,8,0,0,0,0,0,7,0,0,0,0,0
19,2,3,0,0,0,1,5,0,0,0,10,0,2,0,0,0,0,0,0
0,35,64,0,0,0,0,0,0,0,0,0,1,0,1,0,0,0,0,0
0,0,1,0,0,0,5,18,10,0,0,2,0,0,0,0,3,0,0,0
61,7,0,3,0,0,21,20,0,0,0,0,0,0,0,0,2,0,0,0
16,28,369,0,1,0,0,0,0,0,0,0,0,0,0,2,8,0,0,0
3,2,0,0,0,0,1,0,0,0,3,4,0,0,0,0,0,0,0,0
0,0,7,0,214,0,0,0,0,0,0,0,0,0,0,0,0,0,0,1
0,0,0,0,0,0,0,9,9,0,0,61,0,0,0,1,0,0,0,0
2,0,3,0,0,11,0,0,15,0,0,0,0,0,0,0,0,0,3,0
9,0,11,0,0,1,0,17,0,0,0,0,0,0,0,0,0,2,0,0
0,0,1,0,0,22,15,0,308,0,0,0,0,0,0,0,0,1,0,0
0,0,2,0,3,0,0,8,3,0,0,0,0,0,11,0,0,0,20,17
3,0,0,0,0,1,0,0,0,0,0,0,2,0,0,0,0,0,0,0
0,0,24,0,2,3,6,23,0,0,8,0,0,0,24,0,0,57,31,2
0,3,16,0,1,4,2,0,1,0,0,0,0,0,0,0,0,0,0,0
1,0,0,0,1,0,1,0,0,0,0,0,0,0,0,0,0,0,0,0
0,0,0,0,0,0,0,0,0,0,0,0,0,0,0,0,0,1,1,0
0,0,0,0,0,0,2,13,122,0,0,36,0,0,0,2,0,0,0,0
12,9,3,0,0,0,0,0,0,4,0,0,0,0,0,3,0,0,4,0
0,0,0,0,0,0,0,0,0,0,0,24,0,0,0,560,9,0,4,4
0,0,0,0,0,0,9,0,0,0,0,7,0,0,3,0,0,4,0,0
0,0,1,0,0,0,0,0,2,0,0,0,0,0,0,3,0,0,0,1
0,2,0,10,0,0,0,0,0,0,0,1,0,0,3,4,0,11,44,0
0,0,0,0,0,0,16,0,0,0,0,0,0,0,0,0,2,0,0,0
0,0,0,0,0,0,1,1,1,0,0,0,0,1,2,0,0,0,0,0
0,6,130,10,0,0,26,0,616,0,0,0,0,0,0,1,0,0,0,0
0,0,2,0,87,0,0,17,0,0,75,0,0,0,0,0,0,0,1,4
0,0,2,0,0,0,0,2,12,0,0,0,0,0,0,13,0,10,23,3
0,4,18,10,1,5,0,0,0,0,0,0,2,0,0,0,0,0,0,0
15,10,3,0,0,3,7,0,88,0,0,72,0,0,0,0,0,3,2,2
0,0,0,0,0,0,31,590,0,0,23,0,0,0,1,1,1,0,0,0
0,0,6,3,0,0,58,2,8,0,85,0,0,0,13,8,0,2,0,0
0,0,10,44,0,20,24,0,0,0,13,15,0,2,3,1,0,2,3,2
16,12,10,4,0,0,0,6,1,0,18,0,0,0,0,4,0,0,3,2
0,0,0,0,0,0,0,0,0,0,0,0,0,61,5,14,0,42,102,0
0,0,1,0,0,0,1,0,0,0,40,0,0,0,0,0,0,0,0,2
0,0,0,0,0,6,1,0,0,0,0,0,0,0,0,0,0,0,2,1
1,3,0,0,0,0,1,0,0,0,0,0,0,0,0,21,98,36,3,1
755,0,520,2888,305,4,0,0,1,0,5,0,0,0,0,0,0,0,0,0
0,0,200,0,0,177,182,384,40,15,51,0,2,0,2,12,0,0,0,0
0,0,8,9,0,130,12,3,7,0,0,2,0,0,1,2,9,29,2,0
0,0,0,0,0,0,1,0,0,0,0,0,1,0,2,11,18,0,18,0
0,1,2,0,23,0,0,0,0,0,0,0,0,1,0,0,0,8,0,0
0,0,1,0,0,0,0,0,0,0,0,0,1,0,1,4,1,3,12,0
0,0,1,0,0,0,0,0,0,0,0,0,0,1,0,0,6,3,0,0
13,10,0,3,1,0,0,0,8,0,0,0,0,0,1,0,4,0,1,0
3,0,0,0,0,0,0,0,0,0,0,0,0,0,0,0,0,2,0,2
0,2,0,0,0,0,2762,0,0,0,313,0,84,0,4,18,0,1,1,0
0,0,36,0,5,6,7,0,1,0,0,0,0,0,0,0,1,0,4,0
0,0,0,0,13,8,0,0,0,0,0,0,0,0,0,10,0,4,83,50
5,0,2,1,0,0,0,1,0,0,0,0,0,1,0,0,2,19,0,1
0,0,0,0,0,0,24,291,29,0,9,0,0,0,0,0,0,0,0,1
0,0,0,6,1,0,0,0,3,0,29,0,0,0,0,0,0,0,0,0
0,4,10,0,14,1,0,0,0,0,0,0,0,0,0,0,0,0,0,0
3,0,0,0,0,0,0,0,0,0,0,0,0,0,0,0,0,0,0,0
1,6,0,0,36,0,12,64,0,0,57,0,0,0,0,2,3,6,0,0
2,0,0,2,0,0,1,0,0,0,0,0,0,0,0,0,0,0,2,0
1,0,4,0,0,20,0,11,17,0,0,0,0,0,0,0,9,9,46,0
0,0,0,0,0,9,4,0,0,0,0,0,0,0,0,6,8,0,20,0
0,10,43,0,0,0,8,0,1,0,0,0,0,0,0,0,0,0,0,1
0,2,0,0,0,30,0,0,2,0,0,5,0,2,5,0,0,0,0,0
1,0,0,0,0,0,0,0,0,0,0,0,0,0,0,0,0,1,0,1
1,0,0,1,0,3,0,0,29,0,0,0,0,0,3,0,0,0,0,2
0,1,14,0,0,5,0,3,19,0,0,5,0,0,0,0,0,0,4,0
0,3,2,0,0,1,0,0,4,0,0,0,0,0,0,0,0,3,0,0
0,86,210,0,0,0,0,61,0,0,0,8,0,0,0,0,0,0,53,0
2,0,139,0,55,0,0,0,1,0,0,2,0,0,1,0,0,0,0,0
25,17,7,0,0,1,1,0,0,0,2,4,0,9,0,0,118,0,3,0
0,0,0,0,0,1,0,0,0,0,0,0,0,0,1,0,0,0,1,2
7,0,0,0,0,0,2,3,0,0,0,0,0,0,0,0,0,0,8,0
5,0,30,0,0,0,0,4,2,0,0,0,0,1,0,0,0,1,0,0
0,2,0,0,0,0,6,8,2,0,0,0,0,0,0,0,1,1,0,1
0,0,0,1,0,0,6,2,1,0,1320,143,0,0,0,0,0,0,0,0
81,0,344,0,0,0,0,19,0,0,0,0,0,0,1,1,0,0,0,0
0,0,1,0,0,0,0,0,0,0,0,1,0,0,0,0,0,0,0,0
0,15,3,0,9,0,0,0,0,0,0,1,6,0,0,0,0,0,10,56
0,414,9,5,46,0,7,4,0,0,0,0,0,0,0,0,0,0,0,4
0,0,1,1,0,1,0,0,0,16,0,0,0,0,0,0,0,0,0,0
0,0,0,0,2,0,1,2,2,0,0,0,0,0,0,0,0,0,0,0
0,0,0,0,0,0,0,0,33,9,0,0,0,0,0,0,0,0,0,0
6,0,0,0,0,198,0,0,0,0,0,0,0,0,0,1,8,0,2,0
0,0,0,0,0,0,0,0,0,0,0,0,0,0,1,0,0,1,0,0
0,0,45,0,10,0,0,7,75,0,0,0,0,0,0,0,0,1,3,0
0,0,4,0,0,0,0,0,0,0,0,0,0,0,0,1,0,0,3,0
0,0,10,1,0,0,7,59,11,0,2,0,0,0,0,0,0,0,0,3
3,2,0,0,0,24,2,12,0,0,34,0,0,0,34,77,0,6,7,5
4,0,0,21,0,6,0,72,0,0,4,0,0,0,0,0,0,0,0,11
0,0,40,0,0,3,0,0,0,0,0,1,0,0,0,0,0,0,0,0
198,174,1682,0,0,3,3,0,227,0,0,0,0,0,0,0,0,0,4,0
0,0,1,0,0,0,0,1,0,0,0,0,0,0,0,0,0,0,0,0
20,4,17,1,0,3,2,0,0,0,0,0,0,0,0,0,1,0,0,0
0,0,0,2,7,0,1,5,0,0,29,0,0,0,0,0,3,40,0,0
0,0,0,0,0,1,2,0,0,0,3,0,0,0,0,0,0,0,0,25
4,0,0,3,2,6,0,37,0,0,0,0,0,2,0,14,0,0,0,0
0,0,0,0,0,0,0,0,0,0,0,0,0,0,0,0,0,0,1,0
59,0,2,0,0,0,0,212,747,0,0,3,0,0,1,0,0,0,0,0
0,26,7,0,16,0,5,0,3,0,0,0,0,0,7,2,0,16,0,3
0,0,1,1,5,0,1,0,0,0,0,0,1,0,3,0,0,0,0,0
0,0,0,0,0,0,0,0,0,0,2,1,0,0,0,2,0,0,0,0
0,0,12,1,1,31,38,132,104,0,0,0,0,0,0,17,0,2,0,0
0,0,0,0,0,0,0,2,0,0,0,52,0,0,0,0,0,6,41,0
0,0,9,1,0,1,0,0,0,0,0,0,0,0,0,0,0,0,0,0
0,2,11,6,0,39,11,0,0,0,0,0,0,0,0,0,0,1,0,1
0,0,0,0,0,1,0,1,2,0,0,0,0,0,0,0,0,0,1,0
0,0,0,0,2,0,0,3,0,1,0,0,0,2,2,0,4,0,0,0
0,0,4,0,0,41,23,185,40,0,9,0,0,0,1,1,0,0,0,0
0,0,0,0,0,0,0,1,1,0,27,0,0,0,0,0,0,2,0,0
19,11,44,6,26,0,0,1,6,0,1,0,0,0,1,0,0,0,0,0
0,3,5,4,0,0,2,0,3,0,0,0,0,0,0,2,0,0,0,0
0,0,0,0,0,1,0,0,9,1,0,0,0,0,0,0,0,7,0,2
0,0,10,0,0,0,2,3,1,0,0,0,0,0,0,0,0,0,0,0
